0 24 4466 24 4466
1 10 1736 10 1736
2 0 0 0 0
3 0 0 0 0
4 0 0 0 0
5 0 0 0 0
6 0 0 0 0
7 0 0 0 0
8 0 0 0 0
9 0 0 0 0
10 0 0 0 0
11 0 0 0 0
12 0 0 0 0
13 0 0 0 0
14 0 0 0 0
15 77 54326 77 54326
16 22 4280 22 4280
17 0 0 0 0
18 0 0 0 0
19 10 1400 10 1400
20 225 197454 225 197454
21 71 27156 71 27156
22 0 0 0 0
23 0 0 0 0
24 76 70881 76 70881
25 219 152479 219 152479
26 3 204 3 204
27 0 0 0 0
28 0 0 0 0
29 0 0 0 0
30 3 172 3 172
31 26 4554 26 4554
32 0 0 0 0
33 1 580 1 580
34 174 140625 174 140625
35 128 84329 128 84329
36 11 940 11 940
37 0 0 0 0
38 3 748 3 748
39 116 112719 116 112719
40 176 111131 176 111131
41 16 1720 16 1720
42 262 223594 262 223594
43 186 144595 186 144595
44 128 82007 128 82007
45 6 1016 6 1016
46 252 222610 252 222610
47 215 217772 215 217772
48 35 5374 35 5374
49 266 220488 266 220488
50 41 5698 41 5698
51 180 179854 180 179854
52 86 44188 86 44188
53 254 223242 254 223242
54 131 128285 131 128285
55 127 95469 127 95469
56 196 201477 196 201477
57 36 17579 36 17579
58 29 4726 29 4726
59 286 224630 286 224630
60 8 768 8 768
61 330 227274 330 227274
62 237 219252 237 219252
63 29 4726 29 4726
64 0 0 0 0
65 255 219852 255 219852
66 50 6094 50 6094
67 266 224070 266 224070
68 261 220164 261 220164
69 34 5322 34 5322
70 299 222540 299 222540
71 30 4778 30 4778
72 255 223406 255 223406
73 220 185969 220 185969
74 65 35779 65 35779
75 0 0 0 0
76 0 0 0 0
77 0 0 0 0
78 0 0 0 0
79 38 6010 38 6010
80 234 218285 234 218285
81 20 4217 20 4217
82 45 36260 45 36260
83 214 187418 214 187418
84 268 220848 268 220848
85 23 4398 23 4398
86 265 224054 265 224054
