0 49 5386 46 16593
1 26 2207 25 12205
2 0 0 0 0
3 0 0 0 0
4 0 0 0 0
5 22 3839 26 17749
6 21 1894 43 33048
7 2 125 34 39540
8 13 3302 22 14239
9 4 570 5 3113
10 1 40 1 40
11 0 0 0 0
12 14 2322 14 7227
13 12 1532 11 5813
14 20 3102 22 10329
15 6 2634 10 4524
16 11 4878 12 6093
17 0 0 0 0
18 0 0 0 0
19 0 0 0 0
20 1 40 1 40
21 0 0 0 0
22 37 12394 125 126460
23 9 706 7 1224
24 0 0 0 0
25 0 0 0 0
26 7 1847 71 86475
27 18 2219 17 2219
28 28 35793 12 809
29 11 2135 13 3186
30 42 7532 63 44135
31 20 5277 29 23790
32 7 1167 48 57655
33 4 692 3 220
34 7 574 7 704
35 0 0 0 0
36 0 0 0 0
37 2 126 2 126
38 0 0 0 0
39 0 0 0 0
40 8 1879 53 61749
41 9 1138 17 10415
42 13 2702 111 136140
43 2 129 2 112
44 21 23805 8 746
45 2 119 2 119
46 4 237 4 160
47 0 0 0 0
48 0 0 0 0
49 14 8380 94 117761
50 29 8788 47 40002
51 29 6302 222 271923
52 18 790 9 8823
53 15 3780 129 168269
54 17 2362 69 77213
55 7 1829 201 272863
56 5 305 54 74643
57 2 1123 95 129013
58 0 0 2 2770
59 0 0 0 0
60 1 40 2 1425
61 2 112 20 25587
62 1 40 2 1425
63 1 40 1 40
64 5 319 5 1630
65 3 192 2 119
66 0 0 0 0
67 0 0 0 0
68 0 0 0 0
69 0 0 0 0
70 0 0 0 0
71 2 80 2 80
72 0 0 0 0
73 1 40 1 40
74 2 1453 3 2084
75 50 16461 163 158703
76 65 14896 170 171579
77 104 43164 63 39510
78 100 71886 90 38444
79 93 43959 76 8963
80 18 8108 28 19181
81 121 21672 150 104369
82 61 11517 69 37170
83 47 8849 50 24025
84 7 550 5 1629
85 7 2856 14 3402
86 14 6864 115 133491
87 10 400 10 400
88 5 2933 56 68766
89 4 269 3 175
90 8 3013 9 938
91 5 200 5 200
92 4 199 5 239
93 1 40 0 0
94 0 0 0 0
95 0 0 0 0
96 2 126 2 126
97 0 0 0 0
98 9 3048 50 52876
99 8 3296 55 66286
100 34 5637 217 278278
101 45 2685 259 332763
102 15 815 79 98571
103 5 928 5 477
104 10 944 9 1320
105 2 1208 52 68533
106 0 0 0 0
107 5 2535 57 68861
108 11 6230 17 1640
109 3 2272 65 83453
110 11 3504 41 50880
111 44 8149 54 41229
112 48 6822 71 35348
113 35 4825 94 104877
114 7 3383 16 10841
115 9 2640 17 7330
116 5 502 13 12591
117 7 4616 9 662
118 0 0 0 0
119 15 2692 15 5919
120 18 4814 19 8475
121 13 1961 21 10258
122 37 5744 39 21526
123 41 8227 87 73272
124 12 6020 24 14201
125 14 5554 24 11053
126 10 4107 12 3357
127 1 61 1 331
128 24 18820 25 6099
129 2 123 2 662
130 1 40 1 40
131 7 3912 10 3588
132 12 5554 13 2734
133 3 2603 3 158
134 5 1466 7 584
135 33 8373 71 63455
136 10 734 10 2528
137 12 6687 77 89834
138 11 4366 137 175031
139 17 7239 58 58919
140 18 4684 80 88178
141 6 1360 60 74357
142 14 6081 116 140843
143 8 3084 70 86022
144 9 4039 85 102960
145 10 2631 179 236509
146 18 8026 20 6138
147 19 12855 117 134461
148 10 1228 11 2805
149 0 0 0 0
150 1 40 1 40
151 13 4482 104 128433
152 20 9865 124 149233
153 27 9474 193 238405
154 10 4594 138 177930
155 17 6569 170 220595
156 15 9219 134 170188
157 4 2072 6 418
158 15 5990 97 118234
159 2 119 2 119
160 5 5185 5 270
161 34 38534 26 5980
162 6 353 5 877
163 4 160 4 160
164 1 40 1 40
165 6 3962 10 1189
166 20 13330 26 8158
167 1 61 1 333
168 8 6642 6 2112
169 9 2234 15 6872
170 5 3810 6 1760
171 18 5150 19 3173
172 17 9424 17 4186
173 11 4117 12 3477
174 9 4265 12 4348
175 8 4205 10 3802
176 0 0 0 0
177 14 9260 14 7112
178 9 4049 10 5318
179 6 3874 8 2854
180 0 0 0 0
181 12 4221 11 3055
182 17 9654 16 6499
183 13 4872 13 4440
184 2 80 2 80
185 1 61 1 110
186 0 0 0 0
187 7 3264 7 1010
188 14 10603 18 5383
189 6 3872 7 2781
190 11 7684 13 5274
191 1 40 1 40
192 1 40 1 40
193 18 9462 18 5564
194 21 9941 20 1652
195 10 6322 9 1269
196 0 0 0 0
197 13 4175 12 811
198 9 1840 11 2984
199 8 7585 14 4867
200 6 3873 7 2724
201 11 4136 12 3341
202 0 0 0 0
203 6 3851 8 2727
204 6 5275 6 2256
205 3 1507 2 442
206 5 2497 8 2928
207 39 9115 53 41441
208 5 3811 6 2609
209 15 9335 18 8164
210 8 3999 7 2367
211 6 3872 7 3195
212 1 40 1 40
213 7 3913 8 3222
214 6 3875 8 2755
215 11 9085 13 4948
216 7 4550 9 2785
217 9 3785 11 2204
218 4 1568 6 415
219 9 4274 11 4029
220 5 5214 6 2301
221 8 3993 9 2349
222 1 40 1 40
223 7 3912 8 3267
224 0 0 0 0
225 7 5336 7 2325
226 0 0 0 0
227 0 0 0 0
228 13 10247 11 3096
229 12 6035 16 3321
230 6 5274 6 2346
231 0 0 0 0
232 26 5092 27 16729
233 6 3852 8 2828
234 7 3945 7 3170
235 8 5970 8 2549
236 5 274 8 2609
237 8 6642 7 2072
238 3 1041 5 1699
239 7 3926 7 3282
240 4 862 5 1515
241 6 5274 8 5006
242 0 0 0 0
243 12 4855 14 7865
244 8 4227 10 3400
245 0 0 0 0
246 7 5328 6 2330
247 6 3872 6 2059
248 7 3935 9 3554
249 12 6188 15 4609
250 12 7254 12 3234
251 10 5498 10 2404
252 0 0 0 0
253 12 7741 11 3233
254 3 183 5 2888
255 6 3872 8 3551
256 6 3875 7 3014
257 13 9213 12 4220
258 0 0 0 0
259 6 5245 7 558
260 0 0 0 0
261 5 3812 7 2713
262 18 10351 21 6775
263 9 2549 12 6184
264 7 4554 11 5259
265 9 4668 10 4281
266 5 3804 3 451
267 1 68 4 2242
268 6 5275 8 2531
269 23 7507 113 136785
270 14 3035 45 44414
271 20 8256 19 5986
272 30 12939 81 74430
273 9 5050 71 89181
274 25 5245 131 153721
275 9 1529 7 1902
276 33 6997 68 65391
277 188 15825 266 348781
278 46 4037 359 493031
279 116 5740 301 409611
280 140 7938 217 286931
281 141 6781 438 600038
282 30 5865 556 759754
283 136 8817 246 330695
284 142 5748 144 193981
285 108 8178 113 145355
286 92 3768 278 382513
287 59 13508 560 759425
288 28 6052 500 680084
289 21 1546 476 653953
290 29 4809 452 615839
291 18 4331 347 473056
292 23 5921 488 669427
293 18 720 519 718429
294 26 6011 448 602697
295 32 10201 500 678327
296 25 4638 494 677183
297 18 720 529 732669
298 107 9652 377 510430
299 60 2451 345 473740
300 28 3919 406 544039
301 17 4265 488 672405
302 30 6262 581 795360
303 21 4711 478 653355
304 20 4299 507 690773
305 30 1229 493 681829
306 28 4731 573 786393
307 27 4713 497 679915
308 29 5431 492 669348
309 23 5997 461 630485
310 27 6380 517 707395
311 20 800 408 564425
312 25 2383 445 606602
313 21 4430 481 660669
314 26 1228 492 675566
315 38 5821 487 657854
316 25 6898 493 671158
317 17 680 444 613653
318 36 10276 439 591074
319 19 760 529 733462
320 25 1000 593 821284
321 14 560 238 327532
322 6 4813 6 616
323 10 5527 9 2808
324 9 7554 13 5260
325 5 516 4 1495
326 6 3540 8 1458
327 1 62 2 668
328 12 9733 12 3652
329 10 5042 15 4103
330 27 8244 29 13956
331 7 635 7 2435
332 5 3812 8 2704
333 1 61 1 333
334 8 6642 9 3505
335 16 9820 22 5714
336 9 4220 13 3641
337 1 61 1 333
338 4 3750 6 2459
339 1 94 1 151
340 14 4018 76 94460
341 17 13245 101 122932
342 10 3057 88 107330
343 6 1607 51 64126
344 5 1297 64 85519
345 11 4026 134 167420
346 3 169 3 290
347 7 2408 114 150609
348 8 6405 65 74788
349 13 5294 75 89074
350 7 1441 49 63444
351 10 5086 71 88982
352 5 1296 64 85479
353 24 8658 124 147973
354 11 10077 68 82886
355 16 3596 76 87575
356 20 3236 175 233265
357 3 141 3 414
358 1 62 2 668
359 8 3629 9 1805
360 5 4817 68 83827
361 7 1426 71 87990
362 2 127 0 0
363 17 10142 66 67666
364 5 3817 9 3587
365 13 6277 141 175087
366 10 2867 61 74186
367 11 4123 61 68777
368 4 1464 67 86816
369 4 1259 64 80650
370 14 10207 80 91343
371 10 2858 119 151029
372 4 1268 58 73133
373 5 1300 67 86182
374 10 8640 60 67376
375 12 5865 141 177192
376 14 5383 71 85828
377 14 6704 65 69700
378 5 2314 121 158852
379 6 2704 70 86004
380 13 6304 121 152559
381 8 2506 129 166940
382 3 1201 50 64073
383 9 5124 232 303772
384 5 3808 19 21797
385 22 11497 84 95936
386 17 6463 92 119310
387 2 108 6 363
388 7 3724 9 1786
389 5 3810 8 3139
390 9 4286 11 4193
391 7 3935 8 3443
392 0 0 1 333
393 11 9086 13 5209
394 6 3871 6 2377
395 13 4768 12 4448
396 126 6269 230 235419
397 12 7722 14 5110
398 3 2278 5 514
399 6 5274 7 2242
400 5 3804 6 3161
401 13 1146 14 1958
402 32 5252 30 12514
403 86 6223 244 304532
404 136 5440 321 441003
405 72 2900 93 125653
406 342 23135 339 451994
407 244 9832 247 327072
408 247 13487 246 329322
409 264 10613 265 362765
410 299 15542 304 411063
411 169 7031 170 230721
412 166 15478 197 257938
413 109 10895 615 835964
414 30 1221 732 1012818
415 163 14892 339 457520
416 85 6991 493 674314
417 17 4350 394 538839
418 20 822 532 733892
419 58 10991 478 649360
420 20 4413 461 632513
421 17 680 334 461840
422 20 4449 537 738489
423 160 8884 966 1321967
424 52 10856 463 627532
425 18 1673 94 122964
426 40 5758 480 646488
427 30 1221 597 825015
428 32 4891 532 728717
429 24 1261 493 674522
430 36 10106 449 605530
431 17 680 427 588483
432 23 941 476 658357
433 30 8395 522 712143
434 21 1012 544 747651
435 36 6449 451 599983
436 26 2298 448 605401
437 33 7413 463 621336
438 25 4583 575 789894
439 22 953 413 569005
440 18 4326 404 553710
441 13 571 435 601326
442 22 3210 508 692043
443 17 8941 446 605349
444 21 1856 555 762564
445 9 404 253 349998
446 18 9960 161 207349
447 13 10585 64 72398
448 10 723 104 137419
449 16 4252 298 406225
450 19 6139 109 136555
451 12 480 196 270556
452 2 101 2 390
453 10 4729 11 2862
454 9 4032 10 2842
455 8 4226 11 4393
456 9 5450 8 2599
457 6 3865 6 2498
458 8 3987 11 3380
459 29 8388 31 14359
460 0 0 0 0
461 0 0 0 0
462 13 9203 14 5387
463 7 3936 8 3324
464 9 718 9 1411
465 8 4204 10 4522
466 7 3912 8 2829
467 10 9025 13 5149
468 6 3872 8 3190
469 4 3750 6 2799
470 21 6070 23 10582
471 0 0 0 0
472 4 5145 0 0
473 9 4057 12 4849
474 6 3875 7 2665
475 11 4099 11 3100
476 6 3875 6 1908
477 11 6740 13 4097
478 14 9275 14 7533
479 14 10193 12 3310
480 0 0 0 0
481 1 40 1 40
482 7 3929 7 2638
483 7 5330 6 2294
484 11 4377 12 4081
485 0 0 0 0
486 10 4130 9 3218
487 9 4670 10 4516
488 19 9816 18 6317
489 0 0 0 0
490 1 61 1 111
491 0 0 0 0
492 0 0 0 0
493 16 9389 15 5037
494 5 3804 4 1831
495 7 625 8 2290
496 3 159 3 159
497 6 3865 7 2747
498 23 10415 24 5741
499 0 0 0 0
500 0 0 0 0
501 9 4261 9 2805
502 11 4791 14 6501
503 7 5328 6 2257
504 0 0 1 334
505 11 7676 9 2841
506 8 3994 10 4566
507 13 8398 14 3450
508 8 5397 10 6952
509 15 9643 12 3468
510 7 3932 8 2879
511 6 3872 7 2703
512 6 3872 7 2719
513 17 10068 19 7166
514 11 7669 7 2776
515 3 189 7 3132
516 0 0 0 0
517 8 3996 8 2004
518 10 9019 10 2966
519 11 6368 15 5978
520 2 1765 6 4986
521 10 2614 29 26366
522 31 5944 79 76049
523 6 3864 6 2452
524 12 9139 14 5028
525 6 3880 6 2068
526 0 0 0 0
527 16 6684 46 42522
528 3 672 12 12151
529 0 0 0 0
530 2 123 3 555
531 11 7422 14 3151
532 1 61 1 334
533 8 7308 9 4403
534 14 2124 39 40183
535 31 5526 39 14678
536 9 619 5 1196
537 0 0 0 0
538 6 5183 10 4124
539 9 2248 132 173916
540 1 60 0 0
541 19 6630 49 42567
542 47 59611 29 2037
543 2 119 2 119
544 0 0 0 0
545 0 0 0 0
546 6 1291 34 37815
547 0 0 0 0
548 0 0 0 0
549 0 0 0 0
550 0 0 0 0
551 0 0 0 0
552 2 119 2 119
553 0 0 0 0
554 2 119 2 119
555 2 119 2 119
556 12 12917 7 508
557 0 0 0 0
558 0 0 0 0
559 0 0 0 0
560 0 0 0 0
561 0 0 0 0
562 0 0 0 0
563 0 0 0 0
564 0 0 0 0
565 0 0 0 0
566 0 0 0 0
567 0 0 0 0
568 0 0 0 0
569 5 2924 5 600
570 0 0 0 0
571 0 0 0 0
572 0 0 0 0
573 0 0 0 0
574 0 0 0 0
575 0 0 0 0
576 0 0 0 0
577 0 0 0 0
578 0 0 0 0
579 0 0 0 0
580 7 1935 7 712
581 0 0 0 0
582 0 0 0 0
583 0 0 0 0
584 0 0 0 0
585 0 0 0 0
586 0 0 0 0
587 0 0 0 0
588 0 0 0 0
589 0 0 0 0
590 0 0 0 0
591 0 0 0 0
592 0 0 0 0
593 0 0 0 0
594 2 119 2 119
595 0 0 0 0
596 0 0 0 0
597 4 223 4 160
598 0 0 0 0
599 0 0 0 0
600 0 0 0 0
601 0 0 0 0
602 0 0 0 0
603 0 0 0 0
604 0 0 0 0
605 0 0 0 0
606 4 223 4 160
607 4 223 4 160
608 4 223 4 160
609 6 2047 5 392
610 0 0 0 0
611 0 0 0 0
612 23 7378 39 36472
613 66 11302 191 223529
614 16 4190 43 51331
615 4 1241 103 140300
616 27 10173 58 41271
617 12 755 129 175839
618 30 11624 118 143545
619 7 2115 42 50781
620 12 2142 139 184623
621 22 9769 218 268777
622 26 7680 208 252206
623 4 441 9 5971
624 0 0 0 0
625 0 0 0 0
626 7 1543 118 159221
627 70 96950 40 2261
628 24 28270 47 40288
629 4 1308 116 157284
630 0 0 0 0
631 0 0 0 0
632 0 0 0 0
633 2 80 2 80
634 0 0 0 0
635 0 0 0 0
636 0 0 0 0
637 0 0 0 0
638 0 0 0 0
639 2 119 2 119
640 0 0 0 0
641 27 16470 36 7423
642 30 7559 50 7585
643 55 39439 39 3535
644 12 14466 18 1244
645 5 2944 5 349
646 17 3532 50 50029
647 3 1371 4 287
648 3 384 3 212
649 5 4695 7 507
650 11 3919 16 1186
651 22 6816 30 14537
652 6 1785 6 651
653 3 1139 4 313
654 2 80 2 80
655 5 1268 5 369
656 3 1414 4 288
657 0 0 0 0
658 0 0 0 0
659 0 0 0 0
660 0 0 0 0
661 4 1226 4 313
662 0 0 0 0
663 10 10137 7 539
664 20 11228 31 2082
665 46 10244 222 269407
666 8 1552 124 170167
667 0 0 0 0
668 13 7750 76 82445
669 11 2481 17 12297
670 57 11719 180 197965
671 10 2085 11 632
672 9 3189 132 166913
673 9 1611 311 428650
674 6 1336 143 192803
675 8 1909 36 42290
676 13 2059 584 802336
677 17 2106 344 475063
678 2 124 3 212
679 0 0 0 0
680 22 27508 238 313785
681 52 56518 163 187000
682 0 0 0 0
683 4 1349 6 657
684 5 1678 6 417
685 6 4847 11 717
686 0 0 0 0
687 0 0 0 0
688 0 0 0 0
689 3 1366 4 288
690 0 0 0 0
691 0 0 0 0
692 7 3599 5 222
693 1 68 4 284
694 0 0 0 0
695 8 3388 8 1572
696 0 0 0 0
697 0 0 0 0
698 9 4325 486 660019
699 16 6874 71 84948
700 6 3152 9 834
701 2 119 2 119
702 4 238 4 238
703 0 0 0 0
704 0 0 0 0
705 4 199 4 199
706 4 223 4 160
707 0 0 0 0
708 8 5245 9 652
709 8 3978 15 5045
710 9 2315 23 16107
711 12 2759 12 6397
712 12 3671 168 223065
713 3 2357 15 12493
714 6 3100 131 168486
715 12 1835 61 71694
716 9 2699 131 169804
717 19 10676 248 333543
718 10 1685 480 648950
719 2 123 0 0
720 0 0 0 0
721 0 0 0 0
722 12 4050 163 214598
723 44 55093 22 1570
724 0 0 0 0
725 2 80 2 80
726 0 0 0 0
727 0 0 0 0
728 6 288 6 240
729 0 0 0 0
730 0 0 0 0
731 0 0 0 0
732 0 0 0 0
733 4 2376 5 475
734 0 0 0 0
735 0 0 0 0
736 0 0 0 0
737 0 0 0 0
738 0 0 0 0
739 0 0 0 0
740 0 0 0 0
741 0 0 0 0
742 0 0 0 0
743 0 0 0 0
744 0 0 0 0
745 0 0 0 0
746 0 0 0 0
747 0 0 0 0
748 0 0 0 0
749 0 0 0 0
750 5 1831 5 412
751 0 0 0 0
752 0 0 0 0
753 0 0 0 0
754 0 0 0 0
755 0 0 0 0
756 0 0 0 0
757 0 0 0 0
758 1 75 2 111
759 2 119 2 119
760 4 238 4 238
761 0 0 0 0
762 0 0 0 0
763 2 119 2 119
764 0 0 0 0
765 0 0 0 0
766 0 0 0 0
767 0 0 0 0
768 4 238 4 238
769 0 0 0 0
770 0 0 0 0
771 0 0 0 0
772 0 0 0 0
773 0 0 0 0
774 0 0 0 0
775 0 0 0 0
776 0 0 0 0
777 0 0 0 0
778 5 1832 5 411
779 42 1942 59 60679
780 0 0 0 0
781 0 0 0 0
782 0 0 0 0
783 0 0 0 0
784 0 0 0 0
785 0 0 0 0
786 0 0 0 0
787 0 0 0 0
788 0 0 0 0
789 6 2014 6 634
790 0 0 0 0
791 0 0 0 0
792 0 0 0 0
793 0 0 0 0
794 0 0 0 0
795 0 0 0 0
796 0 0 0 0
797 0 0 0 0
798 0 0 0 0
799 0 0 0 0
800 0 0 0 0
801 0 0 0 0
802 0 0 0 0
803 11 600 23 18289
804 13 559 1 40
805 0 0 0 0
806 5 1834 5 562
807 0 0 0 0
808 0 0 0 0
809 0 0 0 0
810 0 0 0 0
811 0 0 0 0
812 4 223 4 160
813 8 446 8 320
814 0 0 0 0
815 0 0 0 0
816 4 223 4 160
817 0 0 0 0
818 0 0 0 0
819 0 0 0 0
820 0 0 0 0
821 4 223 4 160
822 0 0 0 0
823 65 4514 112 72664
824 56 2420 110 97303
825 0 0 0 0
826 0 0 0 0
827 67 2995 197 192280
828 99 4038 127 123155
829 97 4021 140 147438
830 181 8738 202 210303
831 13 872 26 16509
832 0 0 0 0
833 0 0 0 0
834 113 5349 194 238345
835 19 3377 20 8670
836 5 1176 20 19471
837 61 10109 79 46890
838 31 5383 31 3339
839 24 7449 44 33367
840 7 4595 12 802
841 4 316 4 376
842 67 8821 202 219086
843 76 56042 47 18917
844 8 6266 8 771
845 124 5140 146 158765
846 16 1243 79 76399
847 91 3970 86 110608
848 0 0 0 0
849 0 0 0 0
850 0 0 0 0
851 27 12848 63 61837
852 12 6976 18 5967
853 37 7502 51 39600
854 30 5304 63 49996
855 35 4396 54 55718
856 0 0 0 0
857 0 0 0 0
858 3 144 3 120
859 0 0 0 0
860 3 1338 4 179
861 10 612 147 201163
862 6 2552 11 3317
863 1 40 1 40
864 10 9784 84 108847
865 83 35584 99 69709
866 5 2416 57 69625
867 4 1329 134 183907
868 2 1146 60 79585
869 1 61 0 0
870 3 2670 22 22650
871 10 626 192 263268
872 6 1386 83 112814
873 3 3632 1 62
874 10 594 406 551774
875 24 1538 170 224527
876 12 9238 11 835
877 8 4745 17 6175
878 1 1140 0 0
879 3 191 6 1337
880 3 1205 5 967
881 3 1270 43 55180
882 4 1269 53 68505
883 11 2795 107 139580
884 10 3155 85 104879
885 6 1380 88 116385
886 13 1888 178 243250
887 8 1525 166 227107
888 6 1451 140 191352
889 7 431 145 200012
890 9 1572 212 288705
891 8 1579 1 60
892 20 6873 275 369671
893 12 1764 178 240080
894 5 1381 112 151227
895 10 592 166 228107
896 2 119 2 119
897 0 0 0 0
898 2 119 2 119
899 27 7686 34 6607
900 33 7283 36 20000
901 25 4012 30 10704
902 9 623 7 983
903 0 0 0 0
904 1 40 1 40
905 7 4993 8 515
906 3 169 4 232
907 2 1294 4 286
908 0 0 0 0
909 0 0 0 0
910 0 0 0 0
911 1 40 1 40
912 0 0 0 0
913 0 0 0 0
914 0 0 0 0
915 1 40 1 40
916 4 1424 5 321
917 0 0 0 0
918 0 0 0 0
919 0 0 0 0
920 8 7307 5 526
921 1 40 1 40
922 0 0 0 0
923 0 0 0 0
924 0 0 0 0
925 1 40 1 40
926 2 1250 2 102
927 2 129 3 219
928 0 0 0 0
929 0 0 0 0
930 0 0 0 0
931 28 4685 188 246761
932 2 101 1 40
933 0 0 0 0
934 2 119 2 119
935 1 40 1 40
936 12 3430 12 1021
937 0 0 0 0
938 0 0 0 0
939 0 0 0 0
940 2 1321 4 281
941 0 0 0 0
942 30 1408 121 141566
943 3 2009 5 583
944 0 0 0 0
945 1 40 1 40
946 0 0 0 0
947 1 40 1 40
948 0 0 0 0
949 0 0 0 0
950 0 0 0 0
951 0 0 0 0
952 3 159 3 159
953 3 1606 5 597
954 0 0 0 0
955 2 119 2 119
956 1 40 1 40
957 3 159 3 159
958 2 119 2 119
959 4 238 4 238
960 2 119 2 119
961 7 1182 7 894
962 1 40 1 40
963 0 0 0 0
964 0 0 0 0
965 0 0 0 0
966 4 1570 6 382
967 1 40 1 40
968 0 0 0 0
969 3 144 3 120
970 3 144 3 120
971 0 0 0 0
972 1 40 1 40
973 0 0 0 0
974 0 0 0 0
975 0 0 0 0
976 3 1705 5 567
977 0 0 0 0
978 0 0 0 0
979 0 0 0 0
980 3 1844 5 338
981 0 0 0 0
982 0 0 0 0
983 1 40 1 40
984 0 0 0 0
985 0 0 0 0
986 0 0 0 0
987 0 0 0 0
988 0 0 0 0
989 8 3747 12 8491
990 19 5582 22 14437
991 19 2878 112 142927
992 10 613 182 251875
993 1 40 1 40
994 0 0 0 0
995 3 144 3 120
996 7 1756 8 462
997 3 144 3 120
998 0 0 0 0
999 0 0 0 0
1000 0 0 0 0
1001 2 119 2 119
1002 0 0 0 0
1003 5 2226 6 581
1004 12 1758 15 1963
1005 5 239 1 40
1006 4 223 4 160
1007 0 0 0 0
1008 4 223 4 160
1009 0 0 0 0
1010 4 223 4 160
1011 0 0 0 0
1012 4 223 4 160
1013 5 263 5 200
1014 0 0 0 0
1015 0 0 0 0
1016 2 119 2 119
1017 4 199 4 199
1018 0 0 0 0
1019 3 1561 4 283
1020 0 0 0 0
1021 0 0 0 0
1022 0 0 0 0
1023 0 0 0 0
1024 0 0 0 0
1025 0 0 0 0
1026 4 1612 6 535
1027 0 0 0 0
1028 0 0 0 0
1029 0 0 0 0
1030 0 0 0 0
1031 2 1637 2 118
1032 2 129 3 485
1033 0 0 0 0
1034 0 0 0 0
1035 0 0 0 0
1036 0 0 0 0
1037 0 0 0 0
1038 0 0 0 0
1039 0 0 0 0
1040 8 3560 12 9402
1041 17 984 154 208188
1042 0 0 0 0
1043 0 0 0 0
1044 0 0 0 0
1045 0 0 0 0
1046 3 144 3 120
1047 0 0 0 0
1048 0 0 0 0
1049 0 0 0 0
1050 0 0 0 0
1051 0 0 0 0
1052 0 0 0 0
1053 0 0 0 0
1054 0 0 0 0
1055 0 0 0 0
1056 3 1601 5 343
1057 0 0 0 0
1058 0 0 0 0
1059 3 194 4 230
1060 5 3579 9 864
1061 0 0 0 0
1062 0 0 0 0
1063 2 119 2 119
1064 0 0 0 0
1065 0 0 0 0
1066 5 1404 87 115978
1067 0 0 0 0
1068 0 0 0 0
1069 0 0 0 0
1070 4 223 4 160
1071 4 223 4 160
1072 0 0 0 0
1073 0 0 0 0
1074 0 0 0 0
1075 0 0 0 0
1076 0 0 0 0
1077 0 0 0 0
1078 0 0 0 0
1079 0 0 0 0
1080 0 0 0 0
1081 0 0 0 0
1082 0 0 0 0
1083 0 0 0 0
1084 0 0 0 0
1085 0 0 0 0
1086 4 1641 5 343
1087 0 0 0 0
1088 3 1708 5 515
1089 0 0 0 0
1090 0 0 0 0
1091 0 0 0 0
1092 0 0 0 0
1093 0 0 0 0
1094 0 0 0 0
1095 0 0 0 0
1096 0 0 0 0
1097 0 0 0 0
1098 0 0 0 0
1099 0 0 0 0
1100 2 1282 4 283
1101 0 0 0 0
1102 0 0 0 0
1103 0 0 0 0
1104 0 0 0 0
1105 0 0 0 0
1106 0 0 0 0
1107 0 0 0 0
1108 0 0 0 0
1109 0 0 0 0
1110 0 0 0 0
1111 0 0 0 0
1112 4 223 4 160
1113 0 0 0 0
1114 0 0 0 0
1115 0 0 0 0
1116 3 1707 5 571
1117 3 1531 5 312
1118 0 0 0 0
1119 0 0 0 0
1120 0 0 0 0
1121 1 79 2 119
1122 1 40 0 0
1123 0 0 0 0
1124 0 0 0 0
1125 0 0 0 0
1126 0 0 0 0
1127 0 0 0 0
1128 0 0 0 0
1129 0 0 0 0
1130 0 0 0 0
1131 0 0 0 0
1132 0 0 0 0
1133 0 0 0 0
1134 0 0 0 0
1135 0 0 0 0
1136 0 0 0 0
1137 0 0 0 0
1138 0 0 0 0
1139 0 0 0 0
1140 2 1386 4 283
1141 0 0 0 0
1142 0 0 0 0
1143 0 0 0 0
1144 6 1908 6 872
1145 0 0 0 0
1146 0 0 0 0
1147 5 1656 5 344
1148 0 0 0 0
1149 0 0 0 0
1150 0 0 0 0
1151 0 0 0 0
1152 0 0 0 0
1153 0 0 0 0
1154 0 0 0 0
1155 0 0 0 0
1156 0 0 0 0
1157 0 0 0 0
1158 0 0 0 0
1159 0 0 0 0
1160 0 0 0 0
1161 0 0 0 0
1162 0 0 0 0
1163 0 0 0 0
1164 0 0 0 0
1165 0 0 0 0
1166 0 0 0 0
1167 5 1712 6 616
1168 0 0 0 0
1169 0 0 0 0
1170 0 0 0 0
1171 0 0 0 0
1172 0 0 0 0
1173 0 0 0 0
1174 0 0 0 0
1175 3 183 3 120
1176 1 40 1 40
1177 0 0 0 0
1178 0 0 0 0
1179 2 1333 4 284
1180 2 125 1 56
1181 0 0 0 0
1182 0 0 0 0
1183 0 0 0 0
1184 0 0 0 0
1185 0 0 0 0
1186 0 0 0 0
1187 0 0 0 0
1188 0 0 0 0
1189 0 0 0 0
1190 0 0 0 0
1191 0 0 0 0
1192 0 0 0 0
1193 0 0 0 0
1194 0 0 0 0
1195 0 0 0 0
1196 0 0 0 0
1197 3 1534 5 344
1198 0 0 0 0
1199 0 0 0 0
1200 0 0 0 0
1201 0 0 0 0
1202 0 0 0 0
1203 0 0 0 0
1204 0 0 0 0
1205 0 0 0 0
1206 0 0 0 0
1207 4 1625 6 400
1208 0 0 0 0
1209 0 0 0 0
1210 0 0 0 0
1211 0 0 0 0
1212 0 0 0 0
1213 0 0 0 0
1214 0 0 0 0
1215 0 0 0 0
1216 0 0 0 0
