4 435 4 353 2 150 2 150 4 595 3 404 4 10 11 13 254 1073 1345 1509 4 8 10 11 254 794 973 1082
3 319 3 240 4 254 4 254 2 240 1 105 4 5 6 6 403 605 672 713 4 5 6 6 292 358 380 394
9 1493 8 3293 6 403 4 328 8 2100 7 5947 7 18 22 24 740 3704 4692 5285 7 16 19 21 403 9274 12230 14005
18 2685 35 34314 21 2811 20 5734 11 1964 45 58113 26 30 31 32 3805 4930 5305 5530 23 84 104 116 15188 96094 123063 139244
21 3737 41 37684 26 3805 23 15188 10 2166 43 56417 26 30 31 32 5681 6000 6107 6171 33 88 106 117 15426 96189 123110 139263
24 4133 22 10246 26 4077 25 12964 12 2543 10 5385 28 37 40 41 6214 6919 7154 7295 31 32 32 32 15062 15280 15353 15396
20 2868 15 7300 19 1645 14 6276 14 2604 11 5865 28 37 40 41 4077 6064 6726 7124 25 28 29 30 12964 14222 14642 14894
17 1958 12 6595 19 1645 14 6276 10 1295 9 5906 28 29 29 29 2641 3502 3789 3962 22 23 24 24 12964 13335 13459 13533
28 2257 30 28341 27 1915 22 13583 19 1431 23 27177 30 49 55 59 2641 3885 4300 4549 55 58 59 59 55364 62036 64260 65594
31 2836 36 37172 31 1915 36 39040 18 1872 21 23341 36 51 56 59 4715 5073 5192 5264 55 58 59 59 55364 62036 64260 65594
35 4197 34 29322 31 4715 30 24974 14 1916 13 16138 36 51 56 59 5312 6270 6590 6782 36 50 55 58 39040 48834 52099 54058
57 7210 64 65214 31 6910 30 24974 38 3430 49 61780 101 105 106 107 9479 11097 11637 11961 110 126 132 135 106635 142991 155110 162381
95 12231 129 144352 105 10639 119 148565 36 5155 74 86547 108 124 130 133 12177 18040 19995 21168 138 208 231 245 167229 236553 259660 273525
128 13850 186 213096 126 12177 204 245534 25 4136 61 72318 136 158 165 170 13162 18434 20192 21246 245 251 253 254 281979 282453 282611 282705
132 11496 194 224238 126 11326 204 245534 40 4072 89 97124 173 178 180 181 13162 15746 16608 17125 245 295 312 322 281979 328644 344199 353532
101 9732 174 196777 81 6824 119 138129 47 4800 96 105618 126 159 170 177 13162 15746 16608 17125 245 295 312 322 281979 328644 344199 353532
123 12695 166 179073 149 14338 119 138129 51 5187 87 95033 161 173 177 180 17470 18101 18311 18437 186 271 300 317 184350 289593 324674 345722
109 10439 142 160623 138 8597 119 138129 49 5237 42 53378 149 156 158 160 14338 16848 17685 18187 186 194 197 198 184350 224301 237618 245609
99 9133 161 183287 87 8597 186 184350 42 5235 49 68089 138 151 156 159 10052 15134 16828 17844 200 209 212 213 250936 257951 260290 261693
72 7260 116 128501 58 6748 96 85673 23 2838 50 70290 87 102 107 110 10052 10625 10816 10930 108 172 193 206 135230 211669 237149 252437
73 8147 77 73711 66 6811 81 83292 22 1983 14 19286 87 102 107 110 10052 10625 10816 10930 84 91 93 95 85673 87000 87442 87708
80 9453 79 73523 66 6811 77 85102 34 5728 28 19464 112 122 126 128 11007 16309 18076 19137 81 111 120 127 85673 87000 87442 87708
54 6717 58 53333 44 3488 57 72930 42 6761 44 35805 66 104 117 124 6117 14353 17098 18745 77 109 120 126 85102 86771 87328 87662
39 5838 37 24003 24 3135 26 14165 46 7083 48 31336 31 90 110 122 3856 13448 16646 18564 28 89 110 122 18518 58468 71785 79775
43 6611 36 23871 31 3856 28 14165 37 5988 34 24723 66 88 96 100 10269 14052 15312 16069 57 78 85 89 37339 54305 59961 63354
93 11727 108 90797 104 13614 92 65617 40 4424 65 66523 120 134 139 142 14323 15673 16123 16393 160 186 195 200 149621 172196 179721 184236
86 9680 114 106890 104 13614 93 104621 48 6463 62 57128 120 134 139 142 14323 15673 16123 16393 160 186 195 200 149621 172196 179721 184236
39 3770 66 65073 11 572 24 27349 44 5416 75 71562 57 94 107 114 3476 9984 12153 13455 93 159 181 195 104621 154196 170721 180636
6 510 8 6858 7 416 3 1489 3 397 8 10365 8 9 10 10 572 966 1098 1177 9 18 20 22 4663 18274 22811 25534
14 971 12 13703 7 527 3 645 17 980 18 26125 10 33 41 45 1230 2152 2460 2644 5 32 40 46 1489 40163 53054 60789
28 1539 31 36938 10 527 7 352 26 1395 34 47835 49 61 65 67 2768 3298 3475 3581 50 75 83 88 65946 97154 107557 113798
29 1947 34 37762 20 2582 20 4432 25 1341 33 47229 49 61 65 67 2768 3298 3475 3581 50 75 83 88 65946 97154 107557 113798
9 814 8 1155 8 468 7 352 5 888 6 1648 9 15 17 19 480 1741 2161 2413 10 16 18 19 660 2923 3677 4130
15 1449 17 12786 9 468 8 509 13 1539 24 24822 17 31 36 39 1997 3344 3792 4062 10 43 54 61 660 37722 50075 57488
28 3203 40 36749 23 2663 15 8457 18 2214 40 44254 41 50 53 54 4242 5796 6314 6625 66 91 100 105 62430 92256 102198 108164
27 2921 41 36777 23 2663 15 8457 19 2428 40 44231 41 50 53 54 4242 5796 6314 6625 66 91 100 105 62430 92256 102198 108164
16 3281 14 5034 11 567 10 598 10 4592 9 6022 23 30 32 34 2663 8450 10378 11536 15 25 28 30 8457 12598 13978 14806
39 9901 39 23481 27 2752 23 5618 38 12522 42 36330 35 82 98 107 12308 24954 29170 31699 32 86 103 114 15359 63343 79338 88935
57 12974 60 40431 46 8495 40 29231 31 10649 37 32379 66 94 104 110 12308 24954 29170 31699 85 107 114 119 56618 79847 87590 92235
76 14410 88 68273 66 8495 93 56618 25 9843 27 29408 97 107 110 112 14710 25915 29650 31891 104 114 118 120 95333 103434 106135 107755
44 6588 51 39558 46 7528 40 29231 32 5021 40 38930 59 81 89 93 7933 11999 13354 14167 93 99 101 103 51348 85840 97338 104236
19 2231 26 23550 12 738 9 488 21 2809 38 42751 20 43 51 55 2667 5583 6555 7139 14 68 85 96 8118 68548 88692 100778
6 406 5 264 5 449 5 260 4 257 3 170 10 11 11 11 619 690 714 728 8 8 8 8 420 460 474 482
14 2885 18 15499 10 619 8 420 10 4296 18 19027 23 27 28 29 1837 7574 9487 10634 32 41 44 45 33331 39487 41539 42771
31 7334 44 38051 23 2245 32 33331 22 7653 38 38266 30 57 66 71 11400 16901 18735 19835 47 89 102 111 43592 81831 94578 102226
53 10248 61 46261 54 12477 54 35609 30 7228 36 33686 75 88 93 96 14114 17987 19278 20052 89 105 111 114 49451 84175 95750 102695
79 14777 84 62495 75 14114 89 49451 42 7934 43 37846 98 128 138 144 20569 23237 24126 24660 117 132 137 140 106128 106846 107085 107229
56 8017 53 34395 23 1713 21 13965 57 9627 54 39982 98 128 138 144 12477 20000 22508 24012 89 121 132 138 49451 83457 94792 101593
29 3517 48 52357 23 1713 21 13965 22 4189 57 79061 48 57 60 62 3379 8319 9966 10954 47 114 136 150 37101 139813 174051 194593
29 3777 44 49716 20 2321 7 2470 22 4043 59 80509 48 57 60 62 3379 8319 9966 10954 47 114 136 150 37101 139813 174051 194593
38 3196 76 94628 42 3334 42 43290 22 1565 72 98279 58 61 62 63 3379 4861 5355 5652 159 165 167 169 208289 214498 216568 217810
52 5272 57 64063 42 5343 42 39157 38 3204 58 78793 58 95 108 115 5850 8781 9758 10344 49 121 145 160 43290 148498 183568 204610
59 7411 65 72791 58 5850 49 39157 33 4448 57 76358 60 96 108 116 10735 12655 13295 13679 79 133 151 162 76399 161742 190190 207258
24 4118 28 25361 23 1196 10 10988 22 5279 30 29239 37 50 55 58 5343 10498 12216 13247 49 67 73 76 39157 61502 68950 73419
6 353 4 2325 3 223 4 208 8 427 3 4331 4 15 19 21 230 809 1002 1118 4 7 8 9 212 6677 8832 10125
5 324 4 273 4 230 3 164 3 216 4 287 5 9 10 11 400 581 641 677 4 9 11 12 212 588 713 788
8 515 6 469 5 400 3 164 7 430 5 462 12 16 18 19 702 1026 1134 1199 13 13 13 13 839 1052 1123 1166
7 468 7 542 4 208 7 364 7 451 4 416 12 16 18 19 702 1026 1134 1199 13 13 13 13 839 1052 1123 1166
9 682 8 706 4 278 7 364 7 566 4 562 18 19 19 19 1243 1393 1443 1473 13 14 14 14 1195 1412 1485 1528
10 931 9 4186 4 278 5 260 7 900 9 7405 18 19 19 19 1494 2065 2256 2370 15 21 23 25 1558 11996 15476 17564
12 2272 9 5234 8 2447 3 156 9 1770 10 7378 20 24 26 27 4031 4236 4304 4345 18 22 24 25 7061 14198 16576 18004
16 2826 12 5554 16 2790 13 1548 7 1374 9 7174 20 24 26 27 4031 4236 4304 4345 18 22 24 25 7061 14198 16576 18004
18 3730 14 3506 16 3450 15 3014 8 2300 5 2546 28 28 28 28 4373 6279 6914 7295 18 19 19 19 5702 6517 6789 6952
33 4672 39 33531 28 3450 20 5702 22 2960 33 37626 51 60 63 64 7550 8132 8326 8443 72 81 84 85 73855 80468 82673 83996
46 7450 61 60053 46 7550 72 73855 12 3980 24 30157 51 60 63 64 8521 11959 13105 13793 72 81 84 85 81864 83672 84275 84636
39 6820 56 58164 40 5450 59 56655 8 4001 14 23454 46 49 50 50 7469 11538 12895 13709 72 72 72 72 81864 83672 84275 84636
23 3484 41 41853 29 3579 34 39610 12 2757 17 22258 30 36 38 39 5450 6661 7065 7307 46 61 66 69 45482 67311 74587 78953
12 1535 23 22805 10 508 19 20367 8 1976 14 17414 10 21 25 27 1064 3695 4572 5099 34 41 43 45 39610 43133 44307 45012
7 480 9 5893 6 414 8 559 2 314 5 7820 10 10 10 10 508 841 952 1019 10 15 17 18 8009 15423 17895 19378
6 384 6 1887 6 407 6 339 2 175 1 3063 7 8 9 9 414 575 629 661 8 8 8 8 579 5037 6522 7414
5 576 5 570 6 414 6 339 2 363 1 464 7 8 9 9 683 1006 1114 1178 6 7 7 7 579 1107 1282 1388
11 2341 27 29961 10 1222 8 1459 9 2108 28 35803 10 22 25 28 4064 4973 5276 5458 56 63 65 67 73204 73926 74167 74311
33 6174 53 57154 30 4453 56 73204 30 4904 27 28658 35 67 78 84 5580 11564 13559 14756 68 77 80 82 74408 76752 77533 78002
51 7762 61 50272 35 4453 68 58384 26 4535 18 26751 78 84 86 88 10305 13454 14504 15134 70 78 81 82 74408 76752 77533 78002
51 5522 53 44362 38 4453 54 35696 24 2469 18 26950 78 81 82 83 5165 8249 9277 9893 70 74 76 77 58384 75841 81660 85151
30 3426 31 29296 24 4279 30 14563 30 1818 26 31316 38 65 74 80 4437 4873 5019 5106 36 61 69 74 35696 66765 77122 83336
18 1939 18 20714 4 252 3 1385 32 2291 29 33826 5 52 68 77 4279 4810 4987 5094 12 51 64 72 14563 58312 72895 81645
3 212 3 436 1 52 1 144 5 288 4 519 4 10 11 13 252 556 657 718 3 7 9 10 600 1071 1227 1322
4 245 4 242 4 208 4 208 4 269 3 187 4 10 11 13 208 538 648 714 4 8 9 10 208 443 521 568
5 266 4 234 4 208 4 208 4 257 3 198 4 10 11 13 208 538 648 714 4 8 9 10 208 443 521 568
1 83 1 91 1 52 1 52 1 84 1 77 3 3 3 3 156 187 197 203 3 3 3 3 156 187 197 203
0 31 0 39 0 0 1 40 0 41 0 38 1 1 1 1 52 83 93 99 1 1 1 1 52 83 93 99
5 304 5 314 2 104 2 104 5 384 5 369 8 12 13 14 404 770 891 965 9 12 13 13 444 766 874 938
13 1488 14 4420 15 1014 14 982 8 1485 7 7194 16 22 24 26 1658 3219 3739 4051 21 22 23 23 1808 11981 15371 17406
25 3355 28 9464 25 2926 24 8775 13 2449 19 7641 27 40 44 47 4260 6220 6874 7266 24 48 56 61 17531 18270 18516 18664
19 3078 24 9123 16 2926 24 8775 17 2699 22 8005 25 39 44 47 4260 6220 6874 7266 24 48 56 61 17531 18270 18516 18664
6 763 6 1894 2 143 1 91 9 1107 8 3444 5 17 20 23 680 2027 2476 2746 7 17 20 22 495 5463 7118 8112
3 259 3 188 4 196 2 104 1 216 2 159 4 4 4 4 208 491 585 642 4 5 6 6 196 375 435 471
5 349 3 218 4 208 4 196 2 209 2 116 8 9 9 9 542 612 636 650 6 6 6 6 312 358 373 382
6 414 4 253 8 542 6 312 3 269 2 143 8 9 9 9 660 669 672 673 6 6 6 6 368 380 384 387
6 681 5 291 8 660 6 357 3 491 2 149 8 9 9 9 675 1188 1359 1462 6 7 7 7 368 399 410 416
2 438 2 155 0 0 0 0 3 603 3 191 4 7 8 9 660 1182 1356 1461 5 6 7 7 357 395 408 415
5 347 4 260 4 332 3 241 4 315 4 246 10 11 11 11 660 711 728 738 8 9 10 10 421 551 594 620
3 255 3 205 3 202 2 150 4 275 4 234 4 8 10 11 332 579 662 711 3 7 9 10 241 479 558 606
3 220 3 188 3 156 2 150 4 274 4 234 3 8 10 11 202 527 636 701 3 7 9 10 156 445 541 599
0 41 0 41 0 0 0 0 1 60 1 60 1 2 2 2 52 114 135 147 1 2 2 2 52 114 135 147
0 39 0 28 0 0 0 0 0 55 0 37 1 1 1 1 52 106 124 135 1 1 1 1 52 75 83 87
1 74 0 39 1 52 1 52 1 72 0 34 2 2 2 2 143 162 168 172 1 1 1 1 52 75 83 87
2 141 1 93 2 143 1 91 1 93 1 64 3 3 3 3 175 241 263 277 2 2 2 2 144 166 174 178
2 144 1 106 3 156 2 144 1 93 1 69 3 3 3 3 175 241 263 277 3 3 3 3 156 171 176 179
1 98 1 78 1 52 1 52 1 109 1 77 3 3 3 3 156 234 260 275 2 2 2 2 156 171 176 179
0 10 0 10 0 0 0 0 0 20 0 20 0 0 0 0 0 31 41 47 0 0 0 0 0 31 41 47
0 49 0 39 1 52 0 0 0 52 0 55 1 1 1 1 52 106 124 135 1 1 1 1 52 106 124 135
1 78 1 67 1 52 0 0 1 56 1 84 2 2 2 2 143 143 143 143 2 3 3 3 143 174 185 191
4 1161 3 1818 3 144 1 52 3 2096 4 3513 4 8 9 10 208 3294 4323 4940 4 9 11 12 196 5385 7115 8153
3 1122 2 1779 1 52 0 0 4 2116 5 3532 4 8 9 10 208 3294 4323 4940 1 8 10 12 52 5327 7086 8141
28 5499 96 127784 7 427 6 312 48 8357 182 251013 11 80 102 116 5352 15171 18443 20407 13 282 372 426 8845 381397 505580 580091
104 8923 101 135060 126 9991 18 21396 90 8115 180 247557 149 203 221 232 12480 18022 19869 20978 22 286 373 426 23830 387391 508577 581290
127 14720 134 172321 126 12480 33 37170 67 6334 169 233611 149 203 221 232 21717 22240 22415 22520 138 332 397 436 149444 437636 533700 591339
56 7997 40 43047 37 6822 22 21396 54 8210 49 54690 85 123 136 143 9991 17550 20070 21582 33 96 116 129 37170 104534 126989 140462
12 1647 11 8993 7 427 6 468 12 2590 11 14319 9 25 31 34 561 4317 5569 6321 9 23 28 31 6915 25068 31118 34749
5 366 4 244 4 286 3 182 2 112 2 131 7 8 8 8 427 507 534 550 6 7 8 8 312 405 436 455
5 451 3 173 4 326 2 156 3 201 3 161 9 9 9 9 561 702 749 778 3 6 7 8 182 353 410 445
15 2523 11 2613 9 797 2 182 17 2775 14 3110 12 34 41 46 3770 5970 6704 7144 18 29 33 35 6058 6482 6623 6708
29 5072 38 27211 14 3770 18 6058 25 3711 48 47919 49 61 65 68 7438 9533 10232 10651 37 93 112 123 6765 76438 99662 113597
33 5306 41 28102 25 3886 23 6765 22 2894 45 47465 47 60 65 68 5045 8576 9753 10460 32 91 111 123 7637 76787 99836 113666
29 4014 38 26736 25 3886 23 2875 26 3987 47 48153 47 60 65 68 5045 8576 9753 10460 32 91 111 123 7637 76787 99836 113666
6 1213 8 1781 2 156 2 180 9 1930 12 2945 3 16 20 23 712 3311 4178 4698 3 20 26 29 934 4955 6296 7100
3 731 3 912 2 194 2 104 3 960 4 1271 2 6 8 9 712 1840 2216 2442 2 8 9 11 934 2395 2882 3175
3 619 3 1446 2 156 2 934 3 987 4 1396 3 7 8 9 194 1633 2113 2401 3 8 10 11 2822 3150 3260 3326
5 959 5 1400 5 391 6 426 3 987 4 1403 8 9 9 9 1603 2197 2395 2513 7 10 11 11 2822 3150 3260 3326
7 716 6 548 5 391 6 382 5 558 4 581 8 13 15 16 1136 1416 1509 1565 7 11 12 13 426 1174 1424 1574
9 990 9 1027 5 391 6 382 6 985 5 960 17 18 18 18 1136 2167 2511 2717 14 15 16 16 1674 2238 2426 2538
10 1224 14 7680 12 1136 14 1674 7 1046 12 13148 17 18 18 18 1860 2457 2656 2775 17 28 32 34 2614 21389 27648 31403
8 1382 55 69670 7 1708 5 260 7 1126 88 122850 12 17 19 20 1860 2589 2832 2977 36 152 191 214 33907 201949 257962 291571
13 2907 85 109094 12 1860 36 33907 5 2273 85 119247 18 19 20 20 3075 5547 6371 6866 137 192 211 222 174185 258060 286018 302793
8 2864 34 39757 7 2685 7 1140 5 2381 51 67785 10 14 16 17 3075 5547 6371 6866 21 90 113 127 23141 113767 143976 162101
8 2233 15 15437 9 2685 7 1140 4 1310 16 20594 10 11 12 12 3384 3592 3662 3704 21 35 40 43 23141 40866 46774 50319
22 3885 34 27769 13 3384 21 3039 20 1918 34 33540 18 45 53 59 3732 6022 6785 7243 45 75 85 91 52683 70165 75992 79489
19 2633 24 17046 13 2078 3 164 22 2760 36 32406 18 45 53 59 3384 5883 6715 7215 21 66 80 90 3039 50307 66063 75517
9 854 12 8316 6 307 5 1593 8 868 12 14254 18 20 21 21 1729 1938 2008 2050 21 28 30 32 3039 23260 30001 34045
7 555 9 7875 6 307 5 992 7 635 12 14445 10 17 19 21 690 1313 1521 1645 8 23 27 31 1593 22682 29712 33930
23 2608 25 19399 10 690 8 992 29 3954 31 24323 22 57 69 76 1729 6947 8686 9730 33 63 73 79 36742 50136 54601 57280
36 4635 35 30914 23 5551 3 195 34 4029 41 39457 73 77 79 80 7003 9056 9741 10152 84 85 86 86 59066 80781 88019 92362
38 5215 35 30927 23 5551 4 208 31 3404 40 39447 73 77 79 80 7003 9056 9741 10152 84 85 86 86 59066 80781 88019 92362
20 3116 11 5100 11 2108 4 208 20 2207 17 9917 23 44 50 55 5551 5809 5895 5947 4 28 36 41 256 15062 19998 22959
61 6285 67 53916 58 5982 45 21673 52 5015 79 85014 100 122 130 134 9574 12186 13057 13579 70 158 188 206 24934 143573 183120 206848
72 6686 77 65054 58 5982 45 24934 41 4605 72 80601 100 122 130 134 9574 12186 13057 13579 70 158 188 206 54487 155395 189030 209212
65 4186 94 109757 53 3531 77 102193 39 2818 71 78691 69 110 124 132 3877 7295 8434 9118 123 180 198 210 167929 200771 211719 218287
49 3304 97 120474 53 3531 120 129959 16 999 48 68230 61 65 67 68 3877 4258 4385 4461 123 141 147 151 167929 187638 194208 198150
68 5411 165 207229 61 4512 122 140160 27 2630 97 131901 65 98 109 116 5575 8458 9419 9995 154 274 313 338 200778 358144 410600 442073
74 6370 154 187687 65 5575 122 140160 37 3047 106 147165 113 117 119 120 9480 10020 10200 10308 154 274 313 338 200778 358144 410600 442073
50 5587 58 56618 36 5279 38 44785 36 2098 47 52405 65 93 103 109 5575 7918 8699 9167 105 115 118 120 89660 119960 130059 136120
41 5331 32 26040 27 5202 24 8396 37 2311 37 33778 36 82 97 106 5279 7799 8639 9143 26 73 89 98 31396 66354 78007 84998
32 5077 47 44754 27 4310 26 16007 21 2237 59 66437 35 57 65 69 5202 7588 8384 8861 39 113 138 153 31396 117929 146774 164081
60 8717 99 103920 49 9180 42 26871 36 3658 90 116697 73 103 113 119 10566 12824 13577 14028 163 213 230 240 175619 250514 275479 290458
65 9058 119 132190 49 9180 85 96705 31 3791 76 97540 73 103 113 119 10566 12824 13577 14028 163 213 230 240 175619 250514 275479 290458
30 5815 47 47597 34 3136 42 48004 17 5042 23 31100 47 48 48 48 8607 12040 13185 13872 60 75 80 83 61314 82548 89626 93873
22 2751 37 32945 20 2610 31 9171 11 2014 25 35700 34 34 34 34 3136 5029 5660 6039 39 66 75 81 48004 77224 86964 92808
38 4891 32 15636 34 3868 31 9171 18 2941 14 11750 49 61 65 67 6292 8418 9127 9552 44 49 51 52 22832 30333 32833 34333
47 6425 40 19314 49 6292 44 22481 17 3069 13 10388 62 66 67 68 9836 9845 9848 9849 53 53 53 53 22832 30333 32833 34333
34 4138 31 15964 23 3034 27 10372 17 2950 19 11459 49 56 59 60 3868 7457 8654 9372 53 53 53 53 22481 30192 32763 34305
20 3185 17 10198 22 2280 20 6755 8 2225 10 9569 23 29 31 33 3034 5711 6604 7139 27 28 29 29 10372 21124 24708 26859
25 3602 19 11908 29 3055 22 5193 11 2209 12 10603 34 37 38 38 4343 6235 6866 7244 30 33 34 35 20482 25168 26730 27668
28 3443 22 8988 29 3055 22 8787 10 1475 9 6572 38 38 38 38 4343 5183 5463 5631 26 32 34 35 9788 16204 18343 19626
52 6439 41 23093 38 5743 26 18025 32 3167 34 18218 57 90 101 108 7643 10166 11007 11511 27 76 92 102 20482 43223 50803 55351
66 9378 49 25857 60 9485 44 18025 25 2455 31 17146 62 92 102 108 11848 12043 12108 12147 45 83 96 103 26800 45750 52067 55857
37 6010 33 24403 57 7643 44 18025 26 4825 16 19916 60 61 61 61 9485 11097 11635 11957 45 46 47 47 26800 46979 53706 57742
15 2626 20 17603 3 156 4 469 23 4779 21 23753 9 40 51 57 699 7583 9878 11255 45 46 47 47 26800 46979 53706 57742
1 52 10 12149 1 52 2 104 1 56 18 24141 1 2 2 2 52 114 135 147 4 30 39 44 212 36344 48388 55615
2 135 2 401 3 156 2 104 2 121 2 584 4 5 5 5 208 270 291 303 4 5 6 6 364 1070 1305 1446
4 272 5 567 4 208 4 364 4 254 5 578 6 9 10 11 312 567 652 703 7 11 12 13 881 1277 1409 1488
3 220 4 515 2 104 2 104 4 267 5 605 4 8 10 11 208 526 631 695 4 10 11 13 881 1277 1409 1488
3 199 3 228 1 52 2 104 4 273 5 331 3 8 10 11 156 505 621 691 3 9 11 13 156 591 735 823
1 52 1 52 1 52 0 0 1 56 1 65 1 2 2 2 52 114 135 147 2 2 2 2 104 135 145 151
2 104 2 124 1 52 3 156 2 118 2 116 3 4 5 5 156 249 280 299 3 4 5 5 156 249 280 299
9 992 5 498 4 309 3 156 11 1601 5 691 6 21 26 29 312 2637 3411 3876 6 12 14 16 312 1245 1556 1743
47 5996 45 21819 32 4187 17 1868 44 6224 48 39191 80 101 108 113 8478 13501 15176 16181 80 106 115 120 6870 62777 81413 92594
69 10731 62 32087 80 8478 64 19276 37 6179 38 35586 97 108 112 114 16851 18267 18739 19023 80 106 115 120 32372 72978 86513 94634
68 12341 59 36173 80 13490 52 23401 26 5476 34 33068 83 91 94 95 16851 18267 18739 19023 64 100 111 119 32372 72978 86513 94634
58 10398 43 19279 63 12775 40 19276 20 3612 14 8005 65 75 79 81 13490 13539 13555 13565 52 60 63 64 23401 27464 28818 29631
44 8402 48 19261 62 12775 52 17777 23 5990 13 6853 63 64 64 64 13490 13539 13555 13565 57 62 64 65 23401 27464 28818 29631
65 8149 70 31406 63 12318 40 17484 44 5792 62 32798 114 115 115 115 12681 13215 13393 13500 57 138 165 182 17777 65198 81005 90490
82 7593 69 31961 98 5884 32 17484 35 4264 64 33004 114 115 115 115 12318 12535 12608 12651 76 146 169 183 25336 68222 82517 91094
74 5832 65 30935 80 5412 26 24821 33 3614 67 34311 98 108 112 114 5884 9744 11031 11803 76 146 169 183 25336 68222 82517 91094
34 2371 13 6653 19 1297 14 1504 30 2080 9 9338 61 72 76 78 4252 4948 5180 5319 19 23 24 25 6202 17373 21097 23331
19 2904 13 7728 12 1297 14 1504 20 4085 10 9597 19 42 50 54 1304 7136 9080 10247 14 24 27 29 11346 19570 22311 23956
40 4754 35 21179 58 5370 31 23671 30 3881 34 15323 62 69 72 73 6023 9024 10024 10624 34 73 86 94 25053 37517 41672 44165
53 7334 46 29774 58 6023 34 25053 16 2257 32 18901 62 69 72 73 8886 10169 10597 10853 65 86 93 97 45827 50811 52473 53470
42 5079 30 20366 45 5368 28 20969 12 2266 20 19312 48 56 59 60 5370 7479 8182 8604 34 52 58 62 23671 41949 48042 51697
51 5685 44 23197 45 3730 29 19159 25 3240 23 16795 48 79 90 96 8886 9688 9955 10116 65 73 76 77 20969 40868 47501 51481
45 4189 40 21749 34 3542 29 19159 30 3262 24 8192 48 79 90 96 4375 7883 9053 9755 56 69 74 77 20969 30669 33902 35842
22 1912 22 15201 12 760 13 12633 16 1697 18 12559 34 42 45 46 3542 4041 4208 4308 29 45 50 53 18848 29820 33478 35672
14 1142 17 9020 6 312 8 431 16 1622 19 14301 11 33 40 45 572 2853 3614 4070 13 38 47 52 7078 25112 31124 34731
7 484 7 387 6 312 7 431 3 297 2 154 7 11 12 13 704 854 904 934 8 10 11 11 437 542 577 598
8 547 7 423 8 468 7 457 3 268 2 152 9 12 13 13 704 854 904 934 9 10 11 11 468 554 583 600
7 596 7 550 8 528 7 468 3 183 3 120 9 10 10 10 572 801 877 923 9 10 11 11 658 702 717 726
7 494 7 535 8 528 7 568 3 77 3 165 10 10 10 10 551 563 567 570 10 11 11 11 658 702 717 726
18 1770 15 2546 11 572 12 732 11 1580 8 3695 30 33 34 34 3334 3754 3894 3978 22 26 28 29 1262 6450 8179 9217
29 3067 21 4969 32 3334 22 4759 10 1344 8 3714 35 39 40 41 4035 4236 4303 4343 30 30 30 30 8347 9284 9596 9784
24 2615 18 6120 30 3046 13 7338 12 1568 10 3380 32 38 40 41 4035 4236 4303 4343 30 30 30 30 8347 9284 9596 9784
13 1278 11 3289 6 300 6 339 14 1603 10 3731 14 30 36 39 1327 3152 3761 4126 12 23 27 29 7338 7943 8145 8266
6 348 6 347 6 300 6 312 3 170 3 167 8 10 11 11 392 550 603 634 6 9 10 11 339 534 599 638
5 312 5 323 4 240 6 312 3 202 3 190 8 10 11 11 392 550 603 634 6 9 10 11 339 534 599 638
7 627 6 375 8 644 5 300 4 513 4 223 12 12 12 12 656 1188 1365 1472 11 11 11 11 611 642 653 659
4 474 4 221 2 135 2 104 4 581 3 217 8 10 11 11 644 1183 1363 1471 5 8 9 10 300 486 548 586
3 223 3 218 2 135 2 143 4 224 3 211 4 8 10 11 247 485 564 612 4 8 9 10 247 465 538 581
4 221 3 200 4 247 4 247 3 163 2 122 6 7 8 8 300 400 434 454 5 6 6 6 248 317 340 354
4 213 3 195 3 156 4 172 3 152 2 104 6 7 8 8 300 400 434 454 5 6 6 6 248 317 340 354
5 308 5 269 5 260 5 248 3 202 2 157 9 10 10 10 468 550 577 594 7 7 7 7 364 451 480 497
5 324 5 318 6 353 6 300 3 178 2 166 6 9 10 10 353 504 554 584 6 7 7 7 482 498 503 506
7 431 6 406 6 353 6 482 3 221 3 215 11 11 11 11 605 686 713 730 8 9 10 10 509 617 653 674
7 772 6 1031 6 741 6 689 3 511 3 800 11 11 11 11 1158 1366 1435 1477 10 10 10 10 1767 2005 2085 2133
9 912 7 1055 10 754 8 689 2 380 2 770 11 11 11 11 1158 1366 1435 1477 10 10 10 10 1767 2005 2085 2133
7 644 6 735 6 754 6 460 4 381 4 759 10 12 13 13 854 1036 1097 1133 8 11 12 13 806 1621 1893 2056
5 345 5 281 6 406 4 196 5 307 5 289 7 11 12 13 415 678 766 818 7 11 12 13 352 624 715 769
4 261 3 215 2 143 2 143 3 261 3 198 7 8 9 9 415 585 642 676 7 7 7 7 352 460 496 517
5 316 3 228 4 208 2 143 3 258 3 228 9 9 9 9 531 631 665 685 8 8 8 8 468 506 519 526
3 197 3 184 2 143 2 143 3 176 3 166 4 7 7 8 208 401 466 505 5 7 8 8 260 384 426 451
4 336 3 393 3 195 3 260 3 425 2 399 4 8 9 10 208 788 982 1098 5 6 6 6 573 879 980 1042
4 448 3 420 3 332 3 392 3 391 2 393 6 9 10 10 485 899 1037 1120 7 7 7 7 573 879 980 1042
14 3898 13 4696 6 485 7 1083 14 4469 12 5253 28 32 34 35 7697 9547 10164 10534 21 28 31 32 9451 11312 11933 12305
36 8377 29 16147 34 7697 23 9451 26 6036 23 17412 36 63 72 78 10781 15317 16829 17736 34 55 62 67 12554 34995 42476 46964
36 7536 32 18051 34 4584 23 10587 24 6327 19 15980 36 63 72 78 10781 15317 16829 17736 34 55 62 67 11485 34568 42262 46879
29 3512 30 19235 31 3133 23 11485 14 1764 18 15723 34 44 47 49 4584 5500 5806 5989 24 49 58 63 14899 36217 43323 47587
42 9643 58 48939 40 6112 25 14899 24 10039 53 58443 51 70 77 81 9533 21116 24976 27293 67 121 139 150 50430 117151 139392 152736
68 11515 78 68787 76 7380 67 50430 19 8762 45 52363 84 88 90 91 9533 21116 24976 27293 92 131 144 152 83224 130269 145951 155360
58 9831 63 57865 76 6793 48 41506 32 9816 56 60061 84 88 90 91 7380 20254 24546 27121 92 131 144 152 83224 130269 145951 155360
28 3004 24 17337 9 432 9 957 33 3341 34 32949 32 68 79 87 6793 7145 7262 7333 10 59 75 85 2009 50738 66980 76726
9 770 9 2175 8 416 9 499 9 1015 8 3581 9 20 24 26 432 1839 2307 2589 10 19 21 23 957 5967 7637 8639
12 1029 16 11631 5 260 8 416 11 1102 16 18681 26 27 27 27 1885 2420 2598 2705 25 37 41 43 9308 32713 40515 45196
8 580 12 9852 5 260 6 312 8 660 16 19232 7 18 22 24 427 1301 1593 1768 8 30 37 42 416 29156 38736 44484
13 1314 15 10634 14 922 10 737 8 1133 15 18886 16 22 24 25 1885 2695 2965 3127 16 33 39 42 3701 30470 39393 44747
30 9986 38 31340 16 3236 15 3701 33 12947 53 58125 17 65 81 91 10485 25111 29987 32912 16 92 118 133 4407 90291 118918 136095
79 23131 100 96319 98 22075 98 102586 55 15313 81 84649 112 138 147 152 34863 40942 42969 44185 144 195 212 223 147547 193031 208192 217289
136 34482 165 160835 127 34863 177 156699 31 8250 43 39162 156 174 180 184 41345 43535 44265 44703 180 210 220 226 173992 203609 213481 219405
149 33655 144 128933 127 31912 135 124604 35 7999 30 32529 187 193 195 196 41345 42827 43321 43617 177 178 179 179 156699 167074 170533 172608
151 47016 128 94690 152 43815 130 86784 26 17211 30 50104 159 181 189 193 53540 67427 72056 74834 135 162 171 176 124604 154236 164114 170040
127 60984 101 54160 124 71129 98 53378 24 16516 19 19341 152 156 157 158 71656 74674 75680 76283 101 121 128 132 61205 76552 81668 84737
125 64813 113 79866 122 71656 101 61205 22 16119 29 47050 150 151 151 151 71770 74719 75702 76292 134 149 154 157 115534 138108 145633 150148
103 37875 129 125851 105 32827 134 115534 36 29248 32 48686 122 138 144 147 71656 71724 71747 71760 159 164 166 167 153158 183059 193026 199007
84 13420 113 126244 98 7265 138 153158 45 11463 55 64693 122 132 135 137 19774 27605 30216 31782 159 164 166 167 162484 186790 194892 199753
61 7841 75 76861 45 7167 80 78497 40 6368 38 51997 60 107 123 132 7265 14770 17272 18773 85 116 127 133 96365 136036 149260 157194
47 6097 53 41847 55 5248 56 31528 12 3972 20 21624 55 58 59 59 7167 10709 11890 12598 65 74 77 78 52250 67998 73247 76397
52 8257 54 40159 55 7227 56 31528 12 2629 21 23094 60 61 62 62 8576 11273 12172 12711 65 77 81 83 52250 67305 72323 75334
31 6008 32 23745 27 7227 20 8937 23 4834 30 29109 55 59 61 62 8576 11273 12172 12711 48 70 77 82 31528 59016 68179 73676
12 1944 10 2204 9 745 7 702 8 2652 5 3372 17 23 25 26 1019 4743 5985 6730 13 17 18 19 801 5682 7309 8286
15 1833 11 2100 17 1019 11 801 9 2232 6 3034 18 25 27 29 1164 4215 5231 5842 13 18 20 21 973 5275 6709 7570
30 5886 31 16550 30 6249 22 8144 11 4212 22 22338 40 44 45 46 10328 10533 10601 10642 42 59 65 68 12496 41200 50767 56508
30 5802 36 25063 30 6249 42 12496 14 4326 22 23076 40 44 45 46 10328 10533 10601 10642 44 60 65 68 44052 53822 57079 59033
17 2480 24 20988 4 247 5 290 18 3958 28 25994 29 39 43 45 1523 6806 8566 9623 44 60 65 68 44052 53822 57079 59033
4 351 4 1142 4 247 4 265 2 263 2 1932 6 6 6 6 364 650 745 802 5 7 8 8 290 3117 4060 4625
4 352 4 1147 4 247 5 265 1 257 3 1930 6 6 6 6 364 650 745 802 6 7 8 8 312 3126 4064 4627
6 496 5 1226 4 208 3 156 5 559 5 2148 7 13 14 16 364 1107 1355 1503 6 11 13 14 312 3435 4476 5101
9 983 9 2093 9 468 7 364 5 891 4 2273 14 15 16 16 1603 2102 2269 2369 14 14 14 14 4130 4962 5240 5406
14 1826 14 4666 14 1603 14 4130 4 1249 7 4526 17 20 21 22 2436 3316 3610 3786 15 22 25 26 5518 9877 11329 12201
23 4970 21 7234 23 2436 17 4130 10 5351 10 6469 32 35 36 37 3904 10850 13166 14555 28 34 36 37 12783 15278 16110 16609
53 7297 86 95352 38 4600 38 16942 27 4879 72 104151 85 86 86 86 10195 13367 14424 15059 164 176 180 183 214985 224157 227215 229049
53 7266 86 95098 45 5433 38 16942 29 5112 72 104379 85 86 86 86 10195 13367 14424 15059 164 176 180 183 214985 224157 227215 229049
30 3493 49 48875 10 982 9 546 30 3842 69 90823 45 69 77 81 5433 8290 9242 9814 38 126 155 173 12748 143263 186767 212871
6 1639 5 356 5 982 6 374 2 1747 2 164 9 9 9 9 1295 3554 4307 4759 7 8 8 8 437 502 524 537
11 1811 15 13121 5 1295 7 437 13 1760 19 25578 7 25 31 35 2102 3877 4469 4824 9 36 44 50 468 38753 51515 59172
11 1565 14 13050 5 364 5 299 13 1897 19 25613 7 25 31 35 2102 3877 4469 4824 9 36 44 50 468 38753 51515 59172
4 1204 4 245 5 299 3 202 2 1979 2 128 7 7 7 7 364 3238 4196 4771 5 7 8 8 299 400 434 454
11 1576 18 18844 5 306 5 299 12 1900 28 37211 7 23 29 32 1922 3861 4508 4896 6 48 61 70 351 56100 74683 85833
10 1544 18 18851 5 306 4 293 12 1924 28 37207 7 23 29 32 1922 3861 4508 4896 6 48 61 70 351 56100 74683 85833
5 337 5 318 5 306 4 293 2 175 2 157 7 8 8 8 495 525 535 541 6 7 8 8 351 499 549 579
12 1645 19 18495 7 495 4 208 14 2622 29 36415 9 27 33 37 546 4345 5611 6371 9 51 64 73 599 55035 73180 84067
12 1643 19 18506 5 333 4 208 13 2619 29 36410 9 27 33 37 546 4345 5611 6371 9 51 64 73 599 55035 73180 84067
4 260 3 212 4 254 3 202 1 54 0 24 5 5 5 5 312 324 328 331 4 4 4 4 208 239 249 255
13 1706 13 13101 5 312 3 195 19 2941 20 25851 6 34 43 49 333 4686 6136 7007 5 33 43 49 260 38985 51894 59639
13 1673 13 13095 4 208 4 208 19 2957 19 25853 6 34 43 49 312 4677 6132 7005 5 33 43 49 260 38985 51894 59639
3 184 3 174 3 156 3 156 2 152 2 158 4 5 6 6 208 356 406 436 4 5 6 6 208 356 406 436
10 1497 13 13204 4 208 4 208 14 2668 21 26076 7 26 32 36 456 4276 5549 6313 7 37 46 53 456 39396 52376 60164
10 1520 13 13185 3 156 3 156 14 2661 22 26086 10 27 33 36 621 4342 5582 6326 6 36 46 52 413 39379 52368 60161
3 220 2 155 3 156 3 156 3 233 2 153 5 8 9 9 323 501 561 597 4 5 5 5 208 331 371 396
11 2548 17 18011 5 323 4 208 13 2945 25 31603 15 27 31 34 5606 6236 6446 6572 12 45 55 62 8836 52048 66451 75094
12 2561 17 18047 7 442 7 442 13 2936 25 31582 15 27 31 34 5606 6236 6446 6572 12 45 55 62 8836 52048 66451 75094
6 1312 5 1948 7 410 6 358 5 2153 4 3447 7 11 13 14 442 3540 4573 5192 7 10 11 11 442 5478 7157 8164
4 268 3 191 5 260 3 156 2 157 2 181 7 7 7 7 410 429 435 439 6 6 6 6 358 408 425 435
2 155 2 127 3 183 1 52 1 94 2 160 4 4 4 4 232 248 254 257 3 5 6 6 156 318 372 405
3 173 2 164 3 183 1 52 2 117 3 183 4 5 5 5 232 301 324 337 6 6 6 6 343 393 410 420
4 225 3 183 4 208 4 208 3 167 2 136 6 7 8 8 347 419 443 458 6 6 6 6 312 330 336 340
5 308 4 222 6 347 4 247 3 187 2 120 8 8 8 8 468 498 508 514 6 6 6 6 312 330 336 340
5 332 3 192 6 375 4 247 3 182 1 108 8 8 8 8 468 498 508 514 4 5 5 5 247 286 299 306
5 346 3 227 6 375 4 247 1 120 1 99 6 7 7 7 390 466 492 507 4 5 5 5 247 332 361 378
3 244 2 179 3 156 3 156 1 113 1 108 6 6 6 6 375 384 387 388 3 4 5 5 156 296 343 371
3 240 3 199 3 156 3 156 2 132 2 127 4 6 7 7 254 398 445 474 3 5 6 6 202 346 393 422
3 191 2 170 3 156 3 156 2 174 2 153 4 6 7 7 254 398 445 474 3 5 6 6 202 346 393 422
1 109 1 98 0 0 0 0 3 193 2 172 1 5 6 7 52 317 405 458 1 4 5 6 52 286 363 410
0 31 0 31 0 0 0 0 0 41 0 41 1 1 1 1 52 83 93 99 1 1 1 1 52 83 93 99
0 41 0 41 0 0 0 0 0 50 0 50 2 2 2 2 104 104 104 104 2 2 2 2 104 104 104 104
3 173 1 100 2 104 1 98 2 174 1 109 6 6 6 6 358 385 394 399 2 3 4 4 104 221 259 283
4 239 3 180 4 281 3 195 2 138 1 74 6 6 6 6 358 385 394 399 4 4 4 4 208 262 280 291
3 225 2 177 4 281 3 195 1 111 1 75 4 5 5 5 293 332 345 352 4 4 4 4 208 259 276 286
5 343 4 275 4 281 4 284 2 199 2 139 5 8 9 9 293 554 640 693 5 6 6 6 293 425 469 496
4 315 3 254 4 272 4 284 2 214 2 155 5 8 9 9 286 551 639 692 5 6 6 6 286 422 468 495
5 346 4 270 4 286 4 286 3 246 2 161 8 9 9 9 518 644 686 711 6 6 6 6 363 453 483 501
6 426 5 331 5 299 4 247 6 377 5 281 8 14 15 17 518 875 993 1065 6 11 13 14 363 659 758 817
7 477 6 358 7 458 6 324 5 364 4 279 8 14 15 17 518 875 993 1065 6 11 13 14 363 659 758 817
7 469 5 337 7 458 6 324 6 402 5 324 10 14 16 17 674 937 1025 1077 8 12 13 14 508 717 787 829
4 263 2 172 2 104 0 0 3 267 3 216 7 8 9 9 487 599 636 659 5 6 7 7 352 445 476 495
4 263 3 192 2 104 2 104 3 267 3 203 7 8 9 9 487 599 636 659 5 6 7 7 352 445 476 495
1 59 0 39 1 52 0 0 0 56 0 47 2 2 2 2 104 127 135 139 1 1 1 1 91 98 101 102
0 28 0 18 0 0 0 0 0 57 0 36 0 1 1 1 0 85 114 131 0 0 0 0 0 54 72 83
0 0 0 0 0 0 0 0 0 0 0 0 0 0 0 0 0 0 0 0 0 0 0 0 0 0 0 0
1 101 0 36 0 0 0 0 2 202 0 72 0 4 5 6 0 303 403 464 0 1 1 1 0 109 145 167
1 121 1 67 0 0 0 0 2 195 1 83 2 5 5 6 104 344 424 472 2 2 2 2 156 171 176 179
1 121 1 67 0 0 0 0 2 195 1 83 2 5 5 6 104 344 424 472 2 2 2 2 156 171 176 179
0 28 0 18 0 0 0 0 0 57 0 36 0 1 1 1 0 85 114 131 0 0 0 0 0 54 72 83
1 82 0 39 0 0 0 0 1 109 0 47 2 3 3 3 143 219 245 260 1 1 1 1 91 98 101 102
0 54 0 20 0 0 0 0 1 108 0 41 0 2 3 3 0 162 216 249 0 1 1 1 0 62 83 95
2 175 1 83 0 0 1 52 3 240 1 96 4 7 7 8 271 473 540 581 2 3 4 4 104 197 228 247
2 178 1 83 0 0 1 52 3 241 1 96 4 7 7 8 285 478 543 582 2 3 4 4 104 197 228 247
1 85 0 49 0 0 1 52 1 114 0 43 2 3 3 3 143 228 256 273 1 1 1 1 91 98 101 102
0 28 0 18 0 0 0 0 0 57 0 36 0 1 1 1 0 85 114 131 0 0 0 0 0 54 72 83
1 87 0 56 0 0 0 0 1 115 0 73 2 3 3 3 150 231 258 275 1 1 1 1 98 148 165 175
1 97 0 66 1 52 1 52 1 108 0 68 2 3 3 3 150 231 258 275 1 1 1 1 98 148 165 175
1 67 0 46 0 0 0 0 1 111 0 70 1 2 3 3 52 192 239 267 1 1 1 1 52 130 155 171
1 64 0 31 0 0 0 0 1 105 0 41 1 2 3 3 52 183 227 253 1 1 1 1 52 83 93 99
1 108 1 52 0 0 0 0 1 132 1 65 4 4 4 4 271 271 271 271 2 2 2 2 104 135 145 151
4 1233 3 1819 4 271 3 156 5 2198 4 3482 4 10 12 14 271 3482 4552 5194 3 8 10 11 156 5332 7057 8092
8 1461 6 1964 4 271 3 156 6 2116 4 3416 15 16 16 16 1140 3829 4726 5264 12 12 12 12 687 5544 7163 8135
6 1352 5 1902 0 0 1 40 7 2180 5 3450 15 16 16 16 1140 3829 4726 5264 12 12 12 12 687 5544 7163 8135
4 287 3 182 0 0 0 0 6 441 4 266 5 12 14 16 299 803 971 1072 4 8 10 11 223 501 594 649
1 59 0 44 0 0 0 0 2 119 1 89 0 3 3 4 0 179 239 275 0 2 3 3 0 133 178 205
1 70 1 55 0 0 0 0 1 116 1 86 1 3 4 4 52 200 249 279 1 2 3 3 52 154 188 209
1 67 0 41 0 0 0 0 1 110 1 60 1 2 3 3 52 191 238 266 1 2 2 2 52 114 135 147
2 130 1 89 1 52 1 52 2 139 1 94 4 4 4 4 285 301 307 310 3 3 3 3 156 205 222 232
2 173 1 99 4 271 2 104 2 142 1 92 4 4 4 4 285 301 307 310 3 3 3 3 156 205 222 232
0 54 0 20 0 0 0 0 1 108 0 41 0 2 3 3 0 162 216 249 0 1 1 1 0 62 83 95
0 54 0 20 0 0 0 0 1 108 0 41 0 2 3 3 0 162 216 249 0 1 1 1 0 62 83 95
0 10 0 10 0 0 0 0 0 20 0 20 0 0 0 0 0 31 41 47 0 0 0 0 0 31 41 47
1 118 1 72 0 0 0 0 3 212 2 121 1 5 6 7 52 346 443 502 1 4 4 5 52 208 259 291
3 364 2 883 0 0 0 0 4 503 3 1614 8 9 10 10 542 985 1133 1221 6 7 7 7 312 2586 3344 3799
5 672 4 1198 8 542 6 312 4 614 2 1544 8 9 10 10 1281 1404 1445 1470 6 7 7 7 1472 3050 3576 3892
4 618 3 1156 4 271 2 104 4 635 2 1570 8 9 10 10 1281 1404 1445 1470 6 7 7 7 1472 3050 3576 3892
1 87 1 64 1 52 1 60 1 94 0 38 1 2 3 3 60 186 228 254 2 2 2 2 104 104 104 104
31 6795 34 28828 1 60 1 60 41 9597 41 35348 49 83 94 101 9251 18468 21541 23384 74 87 91 94 68085 72800 74372 75315
54 11724 52 40498 57 9251 46 35281 33 8527 32 28219 60 87 96 102 17567 21795 23204 24050 74 87 91 94 68085 72800 74372 75315
108 24908 132 140706 102 24614 96 68085 58 12532 97 139279 106 172 194 208 30826 38974 41690 43320 172 251 277 293 181095 310006 352976 378758
171 28340 210 255394 170 28768 172 181095 87 9464 163 220658 217 271 289 300 30826 38974 41690 43320 304 408 443 464 395947 526356 569826 595908
187 19712 242 309673 170 20135 269 348714 76 9147 150 198490 217 271 289 300 28768 30002 30414 30661 304 408 443 464 395947 526356 569826 595908
110 16031 121 143187 99 10025 108 122623 50 9730 78 108660 167 168 169 169 20135 28079 30727 32316 119 209 238 257 139057 264851 306782 331941
71 17949 103 119302 73 14507 108 122623 20 9510 31 41789 88 94 96 98 24026 29636 31506 32628 119 137 143 146 139057 163841 172103 177060
62 17616 103 121168 50 14507 102 122623 26 9807 29 34972 88 94 96 98 24026 29636 31506 32628 119 137 143 146 127576 159249 169807 176141
58 7896 89 111545 43 7735 85 100280 42 4142 54 73143 50 104 122 133 8439 12079 13293 14021 102 150 166 175 127576 193934 216054 229326
40 3330 52 65997 28 1456 15 16699 51 3476 68 90391 30 96 118 132 7344 7578 7656 7703 62 134 157 172 75000 172904 205539 225120
6 314 3 3362 0 0 0 0 11 572 5 6668 2 17 22 25 116 920 1187 1348 2 9 12 13 112 10064 13381 15372
1 76 1 65 1 52 1 52 1 81 1 64 2 3 3 3 116 176 195 208 2 2 2 2 112 143 153 159
3 292 3 1342 4 208 3 164 3 356 3 2473 4 7 7 8 216 677 831 923 4 7 7 8 208 3855 5071 5800
5 657 5 2885 4 216 4 208 3 696 4 3415 9 9 9 9 985 1520 1698 1805 9 11 12 12 6287 7176 7473 7651
8 1237 8 6111 9 985 9 6287 5 865 5 3529 10 13 14 15 1877 2246 2369 2443 13 14 15 15 7770 9589 10195 10559
18 3771 14 8031 11 1877 13 7770 14 4539 10 4766 16 34 40 44 2493 8656 10710 11943 16 26 29 31 10802 13337 14182 14689
33 4354 32 32390 16 892 6 5700 30 4819 41 53879 47 71 79 84 6801 10379 11572 12287 33 81 97 107 15027 89799 114722 129677
40 5072 40 36380 32 2765 31 15027 27 4357 37 52079 47 71 79 84 6801 10379 11572 12287 33 81 97 107 20325 91918 115782 130101
49 4999 49 41841 34 4045 35 20325 23 2444 33 49396 64 78 83 86 6801 8022 8429 8674 48 87 100 108 27617 94835 117240 130684
35 4577 30 13825 34 4045 35 15435 18 2986 13 8454 44 56 60 62 6866 8048 8442 8679 37 43 45 47 16112 23015 25316 26696
56 7084 66 52237 44 6866 37 16112 41 5187 50 53346 68 105 118 125 8153 12849 14414 15353 96 129 140 146 82475 119020 131202 138511
61 7808 72 58528 68 8153 92 60042 47 6233 54 52652 89 114 122 127 13248 14887 15433 15761 96 129 140 146 82475 119020 131202 138511
64 11247 69 52913 60 13248 76 54970 42 7346 51 51392 89 114 122 127 15980 19111 20155 20781 92 127 139 146 60042 110047 126715 136716
21 5689 22 12600 12 1285 10 2961 21 7890 27 21214 29 47 53 57 4527 14530 17864 19865 20 53 64 71 3209 34265 44617 50829
15 4644 18 11485 6 312 6 374 22 8286 28 21751 6 38 49 55 1266 13225 17212 19604 6 48 61 70 1810 33706 44337 50717
7 954 7 3620 6 312 6 374 7 982 7 6073 6 15 18 20 1266 2158 2455 2634 6 15 17 19 1810 10144 12921 14588
11 3193 8 3769 8 2228 3 219 8 3818 8 6050 21 21 21 21 2753 7430 8988 9924 15 18 19 20 2737 10514 13107 14662
17 4378 14 5997 20 2862 15 3224 5 3111 6 5490 21 21 21 21 3503 7730 9138 9984 19 20 20 20 8135 12674 14186 15094
19 5249 13 3488 20 3503 15 2737 4 3294 4 2401 21 23 24 24 7562 9353 9950 10309 15 17 18 18 3224 6170 7152 7742
33 5288 26 11670 25 4758 19 7978 21 2594 21 13908 35 57 65 69 7562 8332 8589 8743 24 50 59 64 8135 26590 32742 36433
39 6988 31 15884 35 7562 24 7978 18 3504 23 15862 42 60 66 70 8846 10748 11382 11763 49 60 64 66 30662 35601 37247 38235
21 3892 16 8618 21 1758 5 4295 15 4354 18 11409 35 39 40 41 4758 9113 10565 11436 24 39 43 47 7978 21588 26125 28847
10 878 4 1348 6 529 3 156 7 604 4 1671 17 19 20 20 1444 1632 1695 1732 5 9 11 12 2134 3430 3862 4122
8 739 7 2669 6 402 5 2134 4 549 4 2492 9 13 15 16 1372 1415 1429 1438 11 12 12 12 4295 5681 6143 6420
5 469 4 1453 5 260 3 156 2 456 3 2576 5 7 8 8 350 963 1167 1290 6 9 10 10 300 4083 5343 6100
4 271 3 214 5 260 4 281 0 87 1 96 5 5 5 5 350 370 377 381 5 5 5 5 284 293 296 298
3 196 3 183 3 144 4 281 1 114 2 129 5 5 5 5 260 334 359 374 5 5 5 5 284 293 296 298
2 188 2 139 3 156 3 156 1 109 1 102 4 4 4 4 208 313 348 369 4 4 4 4 208 251 266 275
2 137 2 122 3 156 3 144 1 73 1 61 3 3 3 3 208 215 217 219 3 3 3 3 156 187 197 203
9 2017 5 776 3 220 4 208 8 2608 4 829 19 20 20 20 2873 5220 6003 6472 7 10 11 12 1328 1822 1987 2086
11 3043 4 735 6 2702 3 144 7 2111 4 862 19 20 20 20 2873 5220 6003 6472 7 10 11 12 1328 1822 1987 2086
27 5030 30 28415 21 6423 7 1328 25 1932 48 51791 32 57 65 70 6606 6714 6750 6771 17 83 104 118 8909 82635 107211 121956
36 5294 39 34020 32 6423 24 11383 22 1718 44 49223 43 61 67 71 6606 6817 6888 6930 30 88 107 119 18025 86282 109034 122686
42 5482 50 38684 37 6606 30 16351 16 2048 38 46602 43 61 67 71 6959 7404 7553 7642 39 91 109 119 18025 86282 109034 122686
26 3988 24 9419 34 2362 30 11383 14 2764 11 6511 37 40 41 42 6959 7404 7553 7642 30 35 37 38 15878 16161 16256 16313
11 1712 10 3872 6 1743 6 1243 11 505 11 6061 12 25 29 32 2169 2284 2323 2346 15 24 26 28 2240 10422 13150 14786
4 1134 3 248 3 1175 0 0 4 687 6 497 4 8 10 11 1217 1788 1978 2092 0 9 11 13 0 745 994 1143
2 564 1 101 3 299 0 0 1 500 2 156 4 4 4 4 1113 1175 1196 1208 2 5 5 6 104 283 343 379
4 627 3 193 4 299 2 108 0 461 2 155 5 5 5 5 1165 1196 1206 1212 6 6 6 6 351 382 392 398
3 403 3 201 3 260 3 195 1 392 1 92 5 5 5 5 345 837 1000 1099 3 4 5 5 247 309 330 342
3 426 2 172 3 345 3 195 2 387 1 108 5 6 6 6 382 851 1008 1102 3 4 5 5 247 284 297 304
2 193 2 170 2 189 3 247 2 114 2 140 2 5 5 6 240 325 353 370 4 5 5 5 293 303 306 308
4 310 3 204 2 189 1 98 4 280 4 238 3 9 10 12 240 614 739 814 4 8 9 10 293 495 562 603
4 304 3 187 3 208 1 98 4 287 4 227 4 9 11 12 240 614 739 814 3 7 9 10 156 440 535 592
4 245 3 198 1 52 2 104 4 315 3 219 4 9 11 12 208 601 732 811 3 7 9 10 156 440 535 592
4 245 3 247 1 52 2 104 4 249 3 274 7 9 10 10 411 559 609 639 4 8 9 10 255 567 671 734
4 285 4 267 4 254 3 202 3 230 3 266 7 9 10 10 411 559 609 639 4 8 9 10 255 567 671 734
4 232 3 191 4 254 3 202 3 181 2 158 7 7 7 7 411 432 439 444 4 6 7 7 255 370 408 431
13 1044 17 14296 8 447 8 447 12 1018 23 27532 19 28 31 33 1988 2316 2425 2491 12 43 53 59 1480 42202 55776 63921
15 1175 18 14382 8 462 8 447 10 903 22 27487 19 28 31 33 1988 2316 2425 2491 12 43 53 59 1480 42202 55776 63921
15 1043 20 20313 8 538 10 7233 10 801 22 26045 21 29 32 33 1236 2015 2275 2431 19 46 54 60 24349 51350 60350 65750
9 568 8 6458 8 538 6 397 6 396 6 9347 12 17 19 20 624 991 1113 1187 10 15 17 18 7233 17502 20925 22979
17 944 19 23993 12 624 6 312 19 978 26 36846 21 39 45 49 1236 2116 2410 2586 19 50 60 66 24349 66893 81074 89583
15 801 15 19092 1 160 1 52 20 1031 28 38081 21 39 45 49 1092 2059 2381 2575 2 43 57 65 104 57195 76225 87643
15 780 15 19092 1 52 1 52 20 1045 28 38081 21 39 45 49 1092 2059 2381 2575 2 43 57 65 104 57195 76225 87643
4 232 3 192 1 52 1 52 4 242 3 195 8 9 9 9 517 530 534 537 7 8 8 8 403 434 445 451
4 289 4 243 3 202 3 156 3 207 3 157 8 9 9 9 517 530 534 537 7 8 8 8 403 434 445 451
66 5643 85 94716 8 517 7 403 90 8381 109 122594 80 174 206 225 5374 15312 18625 20612 135 221 250 267 172411 249242 274852 290218
108 9933 145 170942 83 8112 135 181662 77 7486 89 96856 137 197 217 229 14058 18786 20362 21307 181 239 259 271 200018 260285 280374 292427
116 11358 155 180655 83 8112 131 181662 66 6031 70 72842 137 197 217 229 14058 18786 20362 21307 181 239 259 271 200018 260285 280374 292427
71 6109 104 102881 65 5693 83 79140 13 1436 41 62665 83 87 88 89 7295 7785 7948 8046 112 153 167 175 141994 176808 188413 195376
56 4344 67 60793 65 4260 69 76432 26 2282 15 24563 65 80 85 88 5693 6654 6974 7166 76 80 81 82 79140 80151 80488 80690
61 6022 86 82018 65 4260 68 50745 30 4051 55 80424 80 92 96 98 10461 10735 10826 10881 69 145 170 185 80825 174255 205398 224084
69 6216 95 107574 80 7297 66 73730 45 4307 56 77132 100 119 125 129 10461 10735 10826 10881 116 164 180 189 151698 202604 219573 229754
59 4532 76 92532 31 1992 66 73730 48 3932 73 91202 100 119 125 129 7297 9469 10193 10628 116 164 180 189 151698 202604 219573 229754
35 2044 26 30579 6 667 4 312 49 2687 45 60559 31 91 111 123 1790 5094 6195 6856 6 72 93 107 692 91295 121496 139617
7 559 17 18410 4 460 4 196 5 364 28 36488 6 13 15 17 667 988 1095 1160 6 47 61 69 312 54957 73171 84101
42 4940 47 37596 18 1203 57 20977 43 5459 38 38441 83 96 101 104 9540 11830 12593 13051 75 88 93 96 75261 84936 88161 90096
47 5667 51 39290 22 3456 57 20977 39 4955 34 36845 83 96 101 104 9540 11830 12593 13051 75 88 93 96 75261 84936 88161 90096
56 7366 41 18424 48 5387 36 6823 40 5300 28 19725 83 105 113 117 13357 13652 13751 13810 57 75 81 85 20977 41846 48802 52976
53 6242 40 18737 48 5387 36 6823 38 4507 27 19892 65 98 109 116 7959 11493 12671 13378 48 72 80 84 23092 42692 49225 53145
26 2899 20 6315 11 560 10 1452 25 3188 18 8706 48 58 61 63 5387 6930 7444 7753 36 43 45 47 6560 16479 19785 21769
7 450 5 1059 7 427 4 273 2 150 2 1148 8 9 10 10 560 627 649 663 6 8 9 9 1452 2472 2811 3016
5 360 4 809 5 337 4 248 2 188 1 1171 7 7 7 7 427 574 623 652 5 5 5 5 273 2000 2576 2921
3 199 3 187 3 156 4 220 2 132 1 76 5 6 6 6 260 360 393 413 5 5 5 5 248 255 257 259
12 1454 11 2538 5 260 5 260 12 1892 10 3080 20 27 30 31 1783 3726 4374 4762 17 24 26 28 4557 6424 7046 7420
12 1459 10 2541 5 337 6 377 12 1890 10 3080 20 27 30 31 1783 3726 4374 4762 17 24 26 28 4557 6424 7046 7420
11 1341 9 2308 8 557 5 377 11 1850 10 2900 9 23 28 31 688 3288 4155 4675 6 19 24 27 3105 5843 6756 7303
5 368 4 816 5 337 5 338 2 230 1 1150 8 8 8 8 557 635 661 677 5 5 5 5 377 2013 2559 2886
3 215 3 171 4 208 4 208 2 195 2 126 5 6 7 7 260 438 497 533 5 5 5 5 260 306 322 331
2 135 2 135 3 156 3 156 1 96 1 96 4 4 4 4 208 239 249 255 4 4 4 4 208 239 249 255
1 93 1 93 1 52 2 104 1 76 1 83 3 3 3 3 156 187 197 203 3 3 3 3 156 187 197 203
2 160 2 677 2 104 2 104 1 126 1 1149 4 4 4 4 208 315 351 372 3 3 3 3 208 1866 2419 2750
3 198 3 725 4 208 3 208 1 116 0 1124 4 4 4 4 243 329 358 375 4 4 4 4 239 1878 2425 2753
3 163 3 162 4 208 4 208 1 72 1 71 4 4 4 4 208 229 236 240 4 4 4 4 208 226 232 236
3 163 2 151 4 208 4 208 1 92 1 82 4 4 4 4 243 253 256 258 4 4 4 4 208 226 232 236
2 104 2 104 1 52 2 104 1 80 1 56 2 3 4 4 104 197 228 247 2 3 3 3 104 166 187 199
2 160 2 692 2 104 2 104 1 142 1 1178 4 4 4 4 260 336 361 376 4 4 4 4 208 1910 2478 2818
2 139 2 671 2 104 2 104 1 129 1 1187 2 3 3 3 104 273 330 364 2 3 3 3 104 1869 2457 2810
3 175 2 144 2 104 2 104 2 157 1 104 4 6 7 7 208 360 411 441 4 4 4 4 208 266 286 298
4 235 3 204 4 208 4 208 2 125 1 73 5 6 7 7 260 381 421 445 5 5 5 5 260 287 296 302
6 458 5 327 5 260 5 260 5 449 3 259 8 13 15 16 462 977 1149 1252 5 8 9 10 306 617 721 783
5 424 4 871 5 260 5 260 5 471 3 1183 5 12 14 16 439 968 1144 1250 5 8 9 10 825 2231 2700 2981
7 561 5 949 6 439 5 543 5 436 3 1145 11 14 15 16 674 1062 1191 1269 9 10 10 10 825 2231 2700 2981
4 272 3 212 5 260 4 208 3 242 3 191 6 9 10 10 375 554 614 650 5 7 8 8 260 429 486 520
5 307 4 246 5 260 4 208 5 304 4 251 6 11 13 14 375 661 756 813 5 9 11 12 260 531 621 675
7 408 6 347 7 464 5 299 4 280 4 235 8 12 13 14 466 697 774 821 9 11 12 12 468 614 663 692
10 704 8 1057 9 615 9 468 3 253 3 1225 15 15 15 15 852 1015 1070 1103 11 12 12 12 712 2378 2934 3267
9 596 7 987 9 615 5 318 4 330 3 1258 12 13 14 14 672 943 1034 1088 11 11 11 11 624 2343 2916 3260
7 453 6 363 9 576 5 318 3 216 2 140 9 10 11 11 615 649 660 667 6 9 10 11 374 524 574 604
6 376 5 323 5 299 4 293 3 209 3 170 9 10 11 11 576 633 652 664 6 9 10 11 374 524 574 604
2 137 2 133 3 156 3 156 1 104 1 101 3 4 4 4 180 251 275 289 3 3 3 3 168 243 268 283
2 178 2 671 1 52 1 52 3 259 2 1239 3 6 7 8 156 474 579 643 3 4 5 5 156 1951 2549 2908
2 178 1 650 0 0 0 0 3 266 2 1249 4 7 7 8 208 494 590 647 2 4 5 5 104 1930 2539 2904
3 217 2 124 1 52 1 52 4 314 3 175 4 8 10 11 208 579 703 777 2 6 7 8 104 322 395 438
4 248 2 145 3 156 2 104 4 298 3 165 4 8 10 11 208 579 703 777 2 6 7 8 104 322 395 438
1 72 1 62 1 52 1 52 1 70 1 60 3 3 3 3 156 156 156 156 2 2 2 2 104 135 145 151
2 139 1 656 3 156 2 104 1 141 1 1185 3 3 3 3 156 294 340 368 3 3 3 3 156 1876 2450 2794
1 98 1 625 0 0 0 0 1 149 1 1199 2 3 3 3 104 273 330 364 2 3 3 3 104 1856 2439 2790
0 41 0 41 0 0 0 0 0 50 0 50 2 2 2 2 104 104 104 104 2 2 2 2 104 104 104 104
1 52 1 52 1 52 1 52 0 46 0 46 2 2 2 2 104 104 104 104 2 2 2 2 104 104 104 104
0 41 0 41 0 0 0 0 1 60 1 60 1 2 2 2 52 114 135 147 1 2 2 2 52 114 135 147
1 108 1 635 0 0 0 0 1 151 1 1193 3 3 3 3 156 294 340 368 3 3 3 3 156 1874 2447 2790
1 98 1 624 0 0 0 0 1 149 1 1198 2 3 3 3 104 273 330 364 2 3 3 3 104 1853 2436 2786
0 41 0 41 0 0 0 0 0 50 0 50 2 2 2 2 104 104 104 104 2 2 2 2 104 104 104 104
0 41 0 41 0 0 0 0 0 50 0 50 2 2 2 2 104 104 104 104 2 2 2 2 104 104 104 104
2 142 1 83 0 0 0 0 2 182 2 121 4 5 6 6 271 373 407 427 2 4 5 5 104 228 270 295
3 219 2 678 4 271 2 104 2 187 2 1154 4 5 6 6 387 419 430 436 3 4 5 5 312 1911 2443 2763
4 307 1 657 4 323 2 104 2 181 1 1162 5 6 7 7 387 488 522 542 3 3 3 3 208 1869 2423 2755
3 217 2 114 3 156 1 52 2 202 2 124 5 6 7 7 323 462 509 537 4 5 5 5 208 270 291 303
1 106 1 72 1 52 0 0 1 122 2 121 3 4 4 4 156 256 289 309 1 4 4 5 52 208 259 291
1 98 1 88 0 0 0 0 2 172 2 152 1 4 5 6 52 286 363 410 1 4 4 5 52 254 322 362
4 338 3 777 4 271 3 168 4 362 2 1283 7 10 11 11 442 765 873 937 6 6 6 6 390 2152 2739 3092
3 250 2 699 0 0 0 0 4 380 2 1315 4 8 10 11 271 697 838 924 3 5 6 6 168 2063 2695 3074
1 95 1 75 0 0 2 104 1 119 1 65 4 4 4 4 208 245 258 265 2 2 2 2 104 142 155 162
2 114 1 72 2 104 2 104 2 106 1 62 4 4 4 4 208 239 249 255 2 2 2 2 104 135 145 151
9 1060 7 2918 5 260 3 156 11 1725 9 5538 7 21 26 29 442 2875 3686 4173 5 17 21 24 338 8531 11262 12901
10 1134 8 2971 7 442 5 338 10 1690 9 5512 7 21 26 29 473 2888 3692 4176 6 18 21 24 370 8544 11269 12904
4 285 3 213 6 312 3 202 2 172 2 133 7 7 7 7 442 460 466 470 5 5 5 5 338 357 363 367
19 3727 19 4409 6 312 3 202 26 5770 25 6464 18 49 59 65 3079 10259 12652 14088 23 49 58 63 4892 12035 14415 15844
30 5893 25 9614 22 4963 23 4892 22 5000 23 9609 38 57 63 67 6177 11498 13272 14336 29 51 59 63 16797 21609 23213 24176
36 8087 34 21310 34 6177 29 16797 18 3635 24 22334 38 57 63 67 8216 12314 13679 14499 58 63 65 66 24818 47217 54684 59164
28 7596 28 20954 34 6034 29 16281 17 6170 19 22584 38 45 47 49 8216 14517 16618 17878 39 50 54 56 24818 47217 54684 59164
30 7690 28 15060 31 6606 23 16281 19 6071 21 12728 50 51 51 51 7042 14048 16383 17784 39 54 58 62 25281 29442 30829 31661
33 8318 28 15012 31 7042 23 16281 15 5671 21 12776 50 51 51 51 7824 14361 16540 17847 39 54 58 62 25281 29442 30829 31661
29 7899 27 18646 31 6606 23 25281 11 5764 18 14997 37 41 43 44 7824 14283 16436 17727 48 49 50 50 32818 33439 33646 33770
26 7655 26 17600 28 6786 24 20466 15 6092 20 14790 37 41 43 44 7824 14283 16436 17727 48 49 50 50 32818 33439 33646 33770
17 3838 19 15489 22 5078 21 20466 14 3220 18 13267 28 33 35 36 6786 7110 7218 7283 24 40 45 48 24164 29356 31087 32125
15 3680 13 8753 19 5090 11 1645 13 3088 13 10256 22 29 31 33 5986 6790 7058 7219 21 30 33 34 17956 21680 22922 23667
33 7389 30 20434 34 6741 36 19145 12 2330 12 12076 37 47 50 52 7327 10012 10907 11444 38 42 44 45 24164 33221 36240 38052
26 4808 25 15384 34 5090 36 17956 20 4363 18 14471 37 47 50 52 6741 9777 10789 11397 38 42 44 45 19145 31214 35237 37650
10 3522 12 9426 6 411 5 562 13 4574 17 15166 7 25 30 34 5210 9165 10483 11274 12 32 39 43 7256 26458 32859 36699
4 1406 4 1648 3 187 1 52 4 1989 5 2822 7 10 11 12 1582 3758 4484 4919 10 11 11 11 884 4707 5981 6746
9 2259 8 3785 10 1582 10 2235 5 1839 5 3436 13 15 16 16 3425 4496 4853 5067 12 14 15 15 7256 8003 8252 8401
8 1281 5 2253 8 1028 3 336 5 1131 5 3225 10 14 15 16 1040 2471 2947 3234 6 12 13 15 2235 5994 7247 7999
10 1289 8 3304 9 1040 6 2235 4 389 6 3064 10 15 17 18 1737 1764 1773 1779 10 16 18 19 6152 7053 7353 7533
14 1998 12 4768 9 1756 10 6152 9 991 7 3385 19 26 28 30 1783 3025 3439 3688 20 21 22 22 7654 8177 8352 8457
13 1647 11 3420 8 1737 6 1367 10 1248 8 3314 19 26 28 30 1756 3014 3434 3686 20 21 22 22 6152 7577 8052 8337
16 7176 12 7249 8 1756 6 1367 13 11733 11 8588 25 33 36 37 2655 19412 24998 28349 18 26 29 30 11590 17975 20104 21381
27 9235 23 9380 25 2655 18 10694 17 11384 14 7822 39 48 51 52 11432 22923 26753 29051 32 40 43 44 11590 17975 20104 21381
22 3277 25 13576 16 1099 18 10694 17 4146 15 15517 25 42 48 51 2655 7921 9676 10729 41 44 45 45 11590 30610 36950 40754
22 3519 25 13056 20 2469 17 5302 16 4044 14 15432 23 41 47 51 2493 7856 9644 10716 41 44 45 45 10694 30252 36771 40683
23 2600 17 6029 23 2493 17 5069 8 1154 5 4335 31 31 31 31 3456 3771 3876 3939 22 23 23 23 5302 10570 12326 13380
38 5456 30 17461 32 3982 24 14083 16 3403 14 13099 41 58 64 67 5377 9350 10674 11469 33 47 52 55 23728 33285 36471 38382
44 7444 47 37206 41 5377 33 23728 19 4374 35 36520 63 67 68 69 11999 12795 13061 13220 57 90 100 107 39657 79636 92963 100959
85 7561 148 180136 70 5611 112 106290 60 3964 113 160888 76 149 173 188 10957 12379 12853 13137 261 284 292 296 335983 378691 392927 401468
125 9356 269 351679 138 8504 270 356119 49 2608 93 144240 150 178 188 194 10957 12379 12853 13137 300 363 384 396 407163 494571 523707 541188
141 9064 338 454001 150 8504 300 407163 53 1946 126 173810 178 190 194 196 10957 11234 11326 11382 405 487 514 531 552843 659359 694864 716167
96 7955 277 363311 70 8381 270 356119 52 2124 148 204714 138 162 170 174 8511 10255 10837 11186 294 442 492 522 377772 589330 659850 702162
45 4833 176 227047 43 5407 173 223511 15 2528 101 143283 54 63 66 68 6059 7530 8020 8314 279 288 291 292 377772 384159 386288 387566
29 2278 237 319264 25 1355 121 162390 15 1771 222 314458 36 46 50 52 2994 4441 4924 5213 279 501 575 620 388418 695355 797667 859055
13 722 247 341594 10 568 186 257183 9 485 220 306565 23 24 24 24 1196 1291 1323 1342 279 501 575 620 388418 695355 797667 859055
20 1215 227 314988 10 568 186 257183 25 1552 166 233066 14 47 58 65 728 2864 3575 4003 369 423 441 451 515493 590124 615001 629927
31 3475 340 466142 31 1939 369 515493 21 3455 129 185001 33 55 62 67 4288 7627 8740 9407 459 480 487 491 639878 661989 669359 673781
20 3114 216 289032 21 1939 193 241427 11 3517 191 269968 31 32 32 32 3002 7112 8482 9304 369 444 469 484 515493 612235 644482 663831
15 4352 47 52538 21 3002 17 9697 12 4215 73 94563 23 27 29 30 8801 9432 9642 9768 26 126 159 179 11462 149441 195433 223029
18 5534 23 15466 23 3934 17 9697 14 5653 21 15350 33 33 33 33 8801 12419 13625 14349 49 49 49 49 33642 33789 33838 33868
27 7030 32 19385 33 7325 42 19020 13 4889 18 13095 34 40 42 43 8801 12419 13625 14349 49 49 49 49 33642 33789 33838 33868
20 4873 22 11019 17 1792 12 1304 16 5625 19 13454 34 40 42 43 7325 11829 13330 14231 42 46 48 49 19020 27940 30914 32698
15 2978 15 4231 17 1792 12 1304 10 3551 11 5631 23 27 28 29 2902 7030 8406 9232 21 29 32 33 3738 10632 12930 14309
15 3170 16 4272 17 1792 12 1304 10 3416 11 5606 23 27 28 29 2902 7030 8406 9232 21 29 32 33 3738 10632 12930 14309
10 1252 9 2949 5 1097 8 882 8 1077 7 3733 18 21 22 22 1986 2535 2718 2828 16 19 20 20 3738 7447 8683 9425
7 702 7 4635 5 278 4 208 6 726 6 5591 10 14 16 17 1017 1598 1792 1908 16 16 16 16 9920 11681 12268 12620
3 289 4 2648 3 156 3 156 3 373 5 5103 4 7 8 9 233 703 860 954 3 10 13 14 192 7789 10322 11841
4 331 5 2697 3 156 3 156 3 355 5 5080 6 8 9 9 324 739 878 961 6 12 13 15 380 7865 10359 11857
8 1207 9 4599 6 324 6 380 8 1387 10 7814 8 17 20 22 1948 2942 3274 3473 7 20 25 28 2390 13034 16581 18710
10 1536 11 5257 8 1693 7 2390 7 1263 9 7527 14 20 22 23 1948 2942 3274 3473 12 22 26 28 3223 13367 16748 18777
8 1082 9 4703 2 112 3 163 9 1416 11 7810 14 20 22 23 1693 2840 3223 3452 12 22 26 28 3223 13367 16748 18777
2 121 2 157 2 112 3 163 2 128 2 157 2 4 5 5 143 267 309 334 4 4 4 4 196 335 381 409
4 523 3 255 2 143 4 196 3 751 2 207 6 8 9 9 351 1346 1678 1877 5 6 7 7 428 505 531 546
5 583 4 276 4 235 4 208 2 717 1 157 6 8 9 9 351 1346 1678 1877 5 6 7 7 323 463 510 538
4 564 3 255 4 235 4 208 3 732 2 182 5 8 9 9 369 1353 1681 1878 5 6 7 7 323 463 510 538
3 198 2 141 4 208 2 189 1 123 1 83 4 4 4 4 271 329 349 361 3 3 3 3 208 214 216 218
2 162 1 120 3 144 1 91 2 154 1 117 4 5 6 6 271 345 370 385 3 4 4 4 219 262 276 285
5 3007 2 186 5 333 3 219 4 5580 2 124 7 10 11 12 395 8657 11410 13063 5 5 5 5 291 316 324 329
13 6643 9 6382 7 966 5 333 12 7515 13 11552 13 27 32 35 14165 16079 16717 17100 5 23 29 33 1742 18371 23913 27239
25 9240 19 16674 13 13235 4 1742 22 7089 21 20839 37 53 58 61 14165 16079 16717 17100 36 45 48 50 29457 42906 47389 50078
38 7058 29 31734 32 4316 7 3425 31 6502 32 39893 64 75 79 81 13235 15072 15684 16052 52 70 76 80 51872 81604 91515 97461
50 8037 50 46904 61 5677 52 51872 25 5814 32 34181 64 75 79 81 13235 15072 15684 16052 83 86 87 87 59224 84545 92985 98049
24 4824 26 17461 12 1301 12 5897 20 6059 31 21792 32 49 55 58 5677 12049 14172 15447 21 61 74 82 18576 42964 51094 55972
17 1675 17 9956 12 1301 13 6333 14 1533 11 7447 16 34 39 43 1658 3404 3986 4336 21 30 33 34 18576 18703 18745 18771
20 4877 16 7955 17 4569 13 6333 14 3753 10 6246 19 35 40 43 7534 9277 9858 10207 16 28 31 34 9856 15215 17001 18073
18 5714 15 7807 17 7534 13 6441 9 3824 5 2619 19 28 31 33 8209 9547 9993 10261 16 22 24 25 9856 11018 11405 11638
13 4011 12 5818 9 733 10 6243 12 4401 8 3783 17 27 31 33 8209 9547 9993 10261 16 22 24 25 6441 9652 10722 11364
9 1838 7 3625 2 310 1 52 13 3192 9 4739 9 24 29 32 622 5174 6691 7602 10 19 22 24 6243 9573 10683 11349
1 139 1 59 1 52 1 52 1 150 0 51 2 3 3 3 310 324 329 332 1 1 1 1 52 113 134 146
2 209 2 137 2 299 2 104 1 133 1 107 4 4 4 4 310 324 329 332 2 3 4 4 155 264 300 322
4 286 3 245 5 299 5 306 2 210 1 143 6 7 7 7 481 520 533 541 5 5 5 5 337 392 411 422
3 265 3 214 5 299 5 306 3 231 2 179 6 7 7 7 481 520 533 541 5 5 5 5 337 392 411 422
1 125 1 98 1 52 2 92 2 181 1 111 2 4 5 5 92 325 403 449 2 3 4 4 92 220 263 288
1 60 1 68 1 52 2 92 0 36 0 38 2 2 2 2 92 99 101 103 2 2 2 2 92 99 101 103
3 177 3 177 2 104 2 104 1 136 1 136 4 5 5 5 208 340 384 411 4 5 5 5 208 340 384 411
6 718 5 1570 4 429 4 429 4 611 3 2237 6 11 13 14 1409 1460 1477 1487 6 9 10 11 1185 4059 5017 5592
16 3554 13 5082 12 1494 8 5976 15 4602 13 3890 15 34 40 44 1977 8402 10544 11829 12 28 34 37 7457 9333 9959 10334
23 5912 21 13020 15 6116 20 10585 14 4069 11 6611 33 41 44 45 7287 10526 11606 12254 29 35 37 39 17470 21156 22385 23122
26 4709 30 26192 33 5170 29 23614 13 1961 15 13927 36 40 41 42 6116 6818 7052 7193 46 47 47 47 34690 42514 45122 46686
37 9008 36 31026 36 7287 32 27025 6 5394 8 9418 43 45 46 46 11282 15498 16903 17746 46 47 47 47 34690 42514 45122 46686
36 10020 40 31203 43 11282 32 27025 20 7383 26 22962 47 57 60 62 17412 17950 18129 18237 46 70 78 82 34690 56653 63973 68366
23 7196 25 18898 2 104 8 936 26 8712 32 27514 47 57 60 62 17412 17950 18129 18237 28 62 74 81 22072 51605 61450 67357
2 128 3 304 2 104 2 135 2 132 3 344 2 5 5 6 104 271 327 360 7 7 7 7 400 721 828 893
4 246 3 198 4 235 2 135 2 183 2 176 7 7 7 7 383 458 483 498 6 6 6 6 400 409 412 414
4 264 3 212 4 235 2 104 2 161 2 161 7 7 7 7 383 458 483 498 6 6 6 6 400 409 412 414
4 257 3 208 4 208 2 104 2 161 1 131 6 7 7 7 375 454 481 497 6 6 6 6 312 374 395 407
7 1587 6 2836 5 345 3 241 6 2659 6 5292 6 15 17 19 375 4291 5597 6380 6 14 17 18 312 8176 10798 12371
17 4729 15 10531 14 3580 17 4738 13 4643 12 12763 21 33 37 39 6903 10327 11469 12154 20 29 32 34 13420 25859 30006 32494
25 6757 26 19215 21 6144 21 13420 9 3150 8 13143 29 36 38 40 6903 10327 11469 12154 36 36 36 36 34153 35096 35411 35600
19 4733 20 15679 21 4547 21 8040 14 4593 14 15989 29 36 38 40 6144 10024 11317 12093 36 36 36 36 34153 35096 35411 35600
8 1069 5 1714 3 195 2 143 10 1742 7 3164 5 19 24 27 383 2881 3714 4213 5 14 17 19 337 4958 6499 7423
5 614 3 367 5 383 3 337 3 684 2 350 8 9 10 10 526 1375 1658 1828 5 6 6 6 476 774 873 933
9 1245 3 467 8 929 3 476 3 811 2 395 11 13 14 14 1942 2246 2347 2408 6 6 6 6 838 919 946 962
10 1626 3 736 8 1103 3 838 3 989 2 670 15 15 15 15 2449 2854 2989 3070 6 6 6 6 973 1479 1648 1749
10 1755 3 824 9 1814 4 838 4 995 2 679 15 15 15 15 2449 2854 2989 3070 6 6 6 6 1301 1610 1713 1775
11 4495 4 829 9 1814 4 911 7 6208 4 693 15 20 22 23 3125 11296 14020 15654 6 9 10 11 1301 1610 1713 1775
13 4930 8 2809 9 1814 4 911 8 6160 7 4336 24 24 24 24 5220 12134 14439 15822 12 17 19 20 1301 7382 9409 10626
13 4620 9 2815 7 390 6 911 9 6345 6 4324 24 24 24 24 5220 12134 14439 15822 12 17 19 20 1153 7323 9380 10614
4 283 3 388 4 364 3 177 1 117 1 398 6 6 6 6 384 387 388 389 3 4 5 5 398 851 1001 1092
5 853 4 1964 5 384 5 1153 2 808 2 1906 6 7 8 8 1464 1869 2004 2085 6 6 6 6 3788 4313 4488 4593
5 884 3 2051 5 683 5 1753 3 811 2 1904 9 9 9 9 1464 1869 2004 2085 6 6 6 6 3788 4313 4488 4593
11 1411 8 1993 5 683 6 1753 14 1831 9 1874 10 28 33 37 1464 3532 4222 4636 7 19 22 25 3552 4218 4440 4574
14 2010 11 2339 16 2492 13 3326 14 1851 10 1977 17 30 35 38 2646 4005 4458 4730 16 22 24 26 3552 4313 4567 4719
17 2509 11 2360 16 2492 13 3326 12 1371 9 1952 17 30 35 38 2646 4005 4458 4730 16 22 24 26 3552 4313 4567 4719
9 1394 3 686 8 1401 0 0 3 772 5 1320 8 13 15 16 1718 2274 2460 2571 2 8 10 12 104 2037 2681 3068
7 1028 0 0 8 1156 0 0 0 516 0 0 8 8 8 8 1401 1591 1654 1692 0 0 0 0 0 0 0 0
7 881 0 0 7 956 0 0 1 382 0 0 8 8 8 8 1156 1303 1352 1381 0 0 0 0 0 0 0 0
5 632 0 0 6 450 0 0 2 364 0 0 7 8 8 8 956 1076 1116 1140 0 0 0 0 0 0 0 0
5 633 0 23 5 450 0 0 2 378 0 46 6 8 9 9 877 1096 1169 1212 0 1 1 1 0 69 92 106
8 1140 4 599 9 877 2 116 3 771 4 851 10 13 14 14 1242 2043 2310 2471 7 10 11 11 648 1599 1915 2106
8 1662 11 9048 8 1242 7 648 3 1069 12 16437 9 12 13 14 2578 2983 3118 3199 12 25 30 33 2233 26027 33958 38717
22 6424 29 15234 9 3254 35 11259 19 6191 21 15533 46 46 46 46 12226 14130 14765 15146 49 52 53 54 22018 33941 37915 40300
22 7260 23 6939 8 5124 5 690 20 5656 23 8620 46 46 46 46 12226 14130 14765 15146 49 52 53 54 11259 17714 19866 21157
14 4659 13 2464 8 4122 5 371 16 4161 21 4405 9 31 39 43 5124 9385 10805 11657 5 35 44 51 690 7031 9145 10413
4 1548 1 156 5 1397 0 0 2 1380 1 269 5 7 8 8 1526 3083 3602 3914 1 3 4 4 91 450 570 642
1 690 0 18 1 400 0 0 1 643 0 36 2 3 4 4 1397 1474 1500 1515 0 0 0 0 0 54 72 83
0 584 0 0 1 129 0 0 0 664 0 0 1 1 1 1 1397 1397 1397 1397 0 0 0 0 0 0 0 0
1 353 0 0 1 129 0 0 0 525 0 0 1 1 1 1 189 913 1155 1300 0 0 0 0 0 0 0 0
1 429 0 0 1 189 0 0 1 515 0 0 2 3 4 4 507 1041 1218 1325 0 0 0 0 0 0 0 0
1 177 0 0 2 189 0 0 1 185 0 0 2 3 4 4 189 379 443 481 0 0 0 0 0 0 0 0
1 97 0 37 1 98 0 0 1 87 0 75 2 2 2 2 189 196 199 200 0 1 1 1 0 113 151 173
1 418 0 50 2 202 0 0 1 544 0 73 3 3 3 3 303 1014 1250 1393 1 1 1 1 64 139 163 179
1 396 0 12 1 98 0 0 1 554 0 25 2 2 2 2 303 1014 1250 1393 0 0 0 0 0 38 51 58
1 157 0 0 1 91 0 0 1 123 0 0 2 2 2 2 303 303 303 303 0 0 0 0 0 0 0 0
3 298 0 0 1 91 0 0 4 368 0 0 2 8 9 11 304 725 866 950 0 0 0 0 0 0 0 0
4 401 0 31 3 304 0 0 3 327 1 62 4 8 10 11 450 784 895 962 0 1 2 2 0 93 124 143
13 2555 22 11767 4 450 3 156 16 4236 41 22601 12 33 39 44 1007 7006 9006 10206 3 63 83 95 1728 34861 45906 52533
63 16236 146 96039 47 9468 104 56951 64 22539 146 108830 90 141 158 169 11006 40638 50516 56442 245 325 352 368 129076 227002 259643 279229
98 18634 317 194563 90 9468 335 192039 53 20982 140 94259 142 162 169 173 11006 40638 50516 56442 379 467 496 514 292286 298393 300429 301650
171 9579 481 290610 142 7486 526 302465 129 6278 104 52034 176 318 365 394 9468 16746 19172 20628 570 585 590 593 327563 334245 336473 337809
148 7804 427 245030 98 5096 526 302465 139 7273 219 125741 142 304 358 391 7486 15953 18776 20469 570 585 590 593 327563 334245 336473 337809
103 5440 208 119024 2 317 0 0 159 8302 259 148078 98 287 349 387 5096 14997 18298 20278 446 536 566 584 256422 305789 322245 332118
3 1469 0 0 2 280 0 0 4 2548 0 0 3 8 10 11 317 4064 5313 6063 0 0 0 0 0 0 0 0
4 1491 0 18 3 234 0 0 3 2536 0 36 3 8 10 11 280 4049 5306 6060 0 0 0 0 0 54 72 83
3 565 0 18 3 280 0 0 1 598 0 36 4 4 4 4 369 1201 1478 1645 0 0 0 0 0 54 72 83
3 592 0 18 4 369 0 0 1 598 0 36 4 4 4 4 513 1258 1507 1656 0 0 0 0 0 54 72 83
2 560 0 0 2 269 0 0 1 614 0 0 4 4 4 4 513 1258 1507 1656 0 0 0 0 0 0 0 0
1 245 0 12 1 175 0 0 1 143 0 25 2 3 3 3 269 415 464 493 0 0 0 0 0 38 51 58
1 137 0 32 1 143 0 0 0 27 0 41 1 1 1 1 154 166 170 173 1 1 1 1 64 84 91 95
1 391 1 73 1 154 1 64 0 503 0 46 2 2 2 2 167 905 1150 1298 1 1 1 1 98 125 134 139
2 470 2 139 2 310 1 98 1 469 1 111 3 3 3 3 336 972 1184 1312 2 3 4 4 143 267 308 333
3 519 3 206 4 336 3 195 1 443 1 141 4 4 4 4 370 986 1191 1314 5 5 5 5 350 370 377 381
3 236 3 214 4 310 3 195 1 133 1 140 4 4 4 4 318 349 359 365 5 5 5 5 350 370 377 381
1 100 1 105 0 0 0 0 1 130 1 149 3 3 3 3 184 264 291 307 2 3 4 4 143 287 335 364
0 0 0 0 0 0 0 0 0 0 0 0 0 0 0 0 0 0 0 0 0 0 0 0 0 0 0 0
0 0 0 0 0 0 0 0 0 0 0 0 0 0 0 0 0 0 0 0 0 0 0 0 0 0 0 0
5 2865 4 3940 0 0 0 0 11 5730 8 7880 0 16 22 25 0 8595 11460 13179 0 12 16 19 0 11821 15761 18125
9 4115 13 12216 7 1100 8 2405 10 5445 14 15275 10 20 24 26 5151 10656 12490 13592 21 31 34 36 19702 31264 35118 37431
13 5967 23 22183 10 5005 21 19702 8 4428 14 16265 16 23 25 27 5151 10656 12490 13592 38 40 41 41 38973 41176 41911 42352
11 4869 20 11875 8 5005 9 4396 6 2496 14 15478 16 20 21 22 5151 7390 8137 8585 33 38 40 41 7190 28463 35554 39809
10 2900 16 9956 8 1052 9 2740 8 3350 17 16430 16 20 21 22 4257 7033 7958 8513 33 38 40 41 4396 27346 34995 39586
2 301 1 548 2 143 0 0 2 382 3 1096 3 6 6 7 219 718 885 985 0 5 7 8 0 1644 2191 2520
1 103 0 0 1 143 0 0 1 88 0 0 2 2 2 2 154 193 206 213 0 0 0 0 0 0 0 0
0 102 0 0 1 115 0 0 0 93 0 0 1 1 1 1 154 208 226 236 0 0 0 0 0 0 0 0
0 102 0 0 1 115 0 0 0 93 0 0 1 1 1 1 154 208 226 236 0 0 0 0 0 0 0 0
0 79 0 0 0 0 0 0 0 101 0 0 1 1 1 1 154 208 226 236 0 0 0 0 0 0 0 0
0 48 0 0 0 0 0 0 0 97 0 0 0 1 1 1 0 146 195 224 0 0 0 0 0 0 0 0
0 77 0 18 0 0 0 0 0 100 0 36 2 2 2 2 143 203 223 235 0 0 0 0 0 54 72 83
0 308 0 18 0 0 0 0 0 547 0 36 1 1 1 1 143 895 1146 1296 0 0 0 0 0 54 72 83
1 367 0 33 1 206 0 0 1 524 0 50 2 2 2 2 233 931 1164 1303 1 1 1 1 40 93 111 121
1 367 0 33 1 206 0 0 1 524 0 50 2 2 2 2 233 931 1164 1303 1 1 1 1 40 93 111 121
0 92 0 8 1 129 0 0 0 80 0 16 1 1 1 1 129 175 190 199 0 0 0 0 0 24 31 36
0 92 0 0 1 115 0 0 0 48 0 0 1 1 1 1 129 129 129 129 0 0 0 0 0 0 0 0
1 126 0 0 1 115 0 0 0 95 0 0 1 2 2 2 129 228 261 281 0 0 0 0 0 0 0 0
2 170 0 23 3 219 0 0 1 108 0 46 3 3 3 3 249 276 285 291 0 1 1 1 0 69 92 106
6 1256 3 2420 3 249 0 0 7 2044 6 4782 3 13 17 19 295 3325 4335 4941 2 11 13 15 116 7236 9610 11034
5 1191 3 2420 3 219 0 0 7 2078 6 4782 3 13 17 19 219 3295 4320 4935 2 11 13 15 116 7236 9610 11034
1 101 0 0 1 115 0 0 1 89 0 0 1 2 2 2 175 201 210 215 0 0 0 0 0 0 0 0
1 112 0 0 1 115 0 0 1 99 0 0 1 2 2 2 219 223 224 225 0 0 0 0 0 0 0 0
0 68 0 0 0 0 0 0 0 90 0 0 1 1 1 1 115 181 203 217 0 0 0 0 0 0 0 0
2 234 0 0 1 226 0 0 2 247 0 0 3 5 6 6 273 514 594 642 0 0 0 0 0 0 0 0
3 265 0 31 3 234 0 0 2 225 0 62 3 5 6 6 273 514 594 642 0 1 1 1 0 93 123 142
2 166 0 31 2 182 0 0 1 94 0 62 3 3 3 3 234 257 265 269 0 1 1 1 0 93 123 142
0 65 0 31 0 0 0 0 0 80 0 62 2 2 2 2 143 166 174 178 0 1 1 1 0 93 123 142
1 130 0 0 0 0 0 0 1 164 0 0 2 2 2 2 269 338 361 374 0 0 0 0 0 0 0 0
1 130 0 0 0 0 0 0 1 164 0 0 2 2 2 2 269 338 361 374 0 0 0 0 0 0 0 0
1 390 0 46 2 143 0 0 1 583 0 59 2 2 2 2 269 1031 1285 1438 1 1 1 1 91 122 132 138
1 362 0 46 1 129 0 0 1 591 0 59 2 2 2 2 143 981 1260 1428 1 1 1 1 91 122 132 138
1 401 1 77 1 129 1 91 1 578 0 67 3 3 3 3 297 1042 1291 1440 2 2 2 2 143 150 152 154
1 124 0 62 1 129 1 64 0 103 0 58 1 2 2 2 154 239 268 285 1 1 1 1 91 129 142 149
0 38 0 31 0 0 0 0 0 59 0 38 1 1 1 1 40 108 131 144 1 1 1 1 64 80 85 88
0 0 0 0 0 0 0 0 0 0 0 0 0 0 0 0 0 0 0 0 0 0 0 0 0 0 0 0
0 25 0 0 0 0 0 0 0 51 0 0 0 0 0 0 0 77 103 118 0 0 0 0 0 0 0 0
0 25 0 0 0 0 0 0 0 51 0 0 0 0 0 0 0 77 103 118 0 0 0 0 0 0 0 0
0 0 0 0 0 0 0 0 0 0 0 0 0 0 0 0 0 0 0 0 0 0 0 0 0 0 0 0
0 0 0 0 0 0 0 0 0 0 0 0 0 0 0 0 0 0 0 0 0 0 0 0 0 0 0 0
0 59 0 18 0 0 0 0 1 118 0 36 0 1 2 2 0 178 237 273 0 0 0 0 0 54 72 83
0 59 0 18 0 0 0 0 1 118 0 36 0 1 2 2 0 178 237 273 0 0 0 0 0 54 72 83
0 0 0 0 0 0 0 0 0 0 0 0 0 0 0 0 0 0 0 0 0 0 0 0 0 0 0 0
0 0 0 0 0 0 0 0 0 0 0 0 0 0 0 0 0 0 0 0 0 0 0 0 0 0 0 0
0 0 0 0 0 0 0 0 0 0 0 0 0 0 0 0 0 0 0 0 0 0 0 0 0 0 0 0
0 0 0 0 0 0 0 0 0 0 0 0 0 0 0 0 0 0 0 0 0 0 0 0 0 0 0 0
0 0 0 0 0 0 0 0 0 0 0 0 0 0 0 0 0 0 0 0 0 0 0 0 0 0 0 0
0 0 0 0 0 0 0 0 0 0 0 0 0 0 0 0 0 0 0 0 0 0 0 0 0 0 0 0
0 19 0 0 0 0 0 0 0 39 0 0 0 0 0 0 0 58 78 90 0 0 0 0 0 0 0 0
0 19 0 0 0 0 0 0 0 39 0 0 0 0 0 0 0 58 78 90 0 0 0 0 0 0 0 0
1 93 0 0 0 0 0 0 1 142 0 0 1 3 4 4 98 260 314 347 0 0 0 0 0 0 0 0
1 119 0 0 1 115 0 0 1 134 0 0 1 3 4 4 115 267 318 348 0 0 0 0 0 0 0 0
2 166 0 0 1 115 0 0 1 125 0 0 3 4 4 4 233 314 341 358 0 0 0 0 0 0 0 0
1 126 0 23 1 115 0 0 1 76 0 46 2 2 2 2 167 206 219 227 0 1 1 1 0 69 92 106
1 138 0 23 1 167 0 0 1 78 0 46 2 2 2 2 175 209 221 228 0 1 1 1 0 69 92 106
0 68 0 23 0 0 0 0 0 83 0 46 1 1 1 1 167 171 173 174 0 1 1 1 0 69 92 106
0 35 0 0 0 0 0 0 0 70 0 0 0 0 0 0 0 105 139 161 0 0 0 0 0 0 0 0
0 0 0 0 0 0 0 0 0 0 0 0 0 0 0 0 0 0 0 0 0 0 0 0 0 0 0 0
0 0 0 0 0 0 0 0 0 0 0 0 0 0 0 0 0 0 0 0 0 0 0 0 0 0 0 0
1 116 0 0 0 0 0 0 2 233 0 0 0 3 4 5 0 350 467 537 0 0 0 0 0 0 0 0
2 189 0 0 2 182 0 0 2 213 0 0 2 4 5 5 182 423 503 551 0 0 0 0 0 0 0 0
2 246 0 49 2 182 0 0 2 192 1 98 4 5 5 5 286 464 524 560 0 1 2 2 0 147 196 226
1 104 0 67 1 52 0 0 1 112 1 96 2 3 3 3 182 244 265 277 1 2 2 2 91 184 214 233
1 102 0 67 1 52 0 0 1 111 1 96 1 2 3 3 175 241 263 277 1 2 2 2 91 184 214 233
0 45 0 18 0 0 0 0 0 67 0 36 1 1 1 1 52 125 150 165 0 0 0 0 0 54 72 83
0 35 0 0 0 0 0 0 0 70 0 0 0 0 0 0 0 105 139 161 0 0 0 0 0 0 0 0
0 54 0 0 0 0 0 0 1 108 0 0 0 2 3 3 0 162 216 249 0 0 0 0 0 0 0 0
1 100 0 0 1 115 0 0 1 99 0 0 1 2 3 3 115 208 239 258 0 0 0 0 0 0 0 0
1 154 0 0 1 115 0 0 1 103 0 0 2 3 3 3 269 270 270 270 0 0 0 0 0 0 0 0
0 76 0 0 0 0 0 0 0 105 0 0 1 1 1 1 115 207 238 256 0 0 0 0 0 0 0 0
0 53 0 0 0 0 0 0 0 107 0 0 0 1 1 1 0 161 215 247 0 0 0 0 0 0 0 0
0 33 0 23 0 0 0 0 0 45 0 28 1 1 1 1 52 89 102 109 1 1 1 1 52 59 61 63
0 33 0 23 0 0 0 0 0 45 0 28 1 1 1 1 52 89 102 109 1 1 1 1 52 59 61 63
0 10 0 10 0 0 0 0 0 20 0 20 0 0 0 0 0 31 41 47 0 0 0 0 0 31 41 47
0 0 0 0 0 0 0 0 0 0 0 0 0 0 0 0 0 0 0 0 0 0 0 0 0 0 0 0
0 0 0 0 0 0 0 0 0 0 0 0 0 0 0 0 0 0 0 0 0 0 0 0 0 0 0 0
0 0 0 0 0 0 0 0 0 0 0 0 0 0 0 0 0 0 0 0 0 0 0 0 0 0 0 0
0 0 0 0 0 0 0 0 0 0 0 0 0 0 0 0 0 0 0 0 0 0 0 0 0 0 0 0
0 0 0 0 0 0 0 0 0 0 0 0 0 0 0 0 0 0 0 0 0 0 0 0 0 0 0 0
0 0 0 0 0 0 0 0 0 0 0 0 0 0 0 0 0 0 0 0 0 0 0 0 0 0 0 0
0 0 0 0 0 0 0 0 0 0 0 0 0 0 0 0 0 0 0 0 0 0 0 0 0 0 0 0
0 35 0 0 0 0 0 0 0 70 0 0 0 0 0 0 0 105 139 161 0 0 0 0 0 0 0 0
0 35 0 0 0 0 0 0 0 70 0 0 0 0 0 0 0 105 139 161 0 0 0 0 0 0 0 0
0 45 0 0 0 0 0 0 0 90 0 0 0 0 0 0 0 135 180 207 0 0 0 0 0 0 0 0
0 45 0 0 0 0 0 0 0 90 0 0 0 0 0 0 0 135 180 207 0 0 0 0 0 0 0 0
4 330 3 449 0 0 0 0 8 661 6 899 0 12 16 19 0 992 1323 1521 0 9 12 14 0 1349 1799 2069
9 860 7 844 0 0 0 0 11 1099 8 1038 21 23 24 24 1654 2250 2449 2568 16 17 18 18 1975 2139 2194 2227
10 1015 7 900 2 621 4 277 10 1000 8 998 21 23 24 24 1654 2250 2449 2568 16 17 18 18 1975 2139 2194 2227
8 1046 6 1397 2 621 4 277 8 1206 6 1711 17 19 20 20 1130 2447 2886 3150 14 14 14 14 2405 3546 3926 4154
8 1057 6 1384 4 621 4 208 8 1198 6 1720 17 19 20 20 1130 2447 2886 3150 14 14 14 14 2405 3546 3926 4154
4 267 3 522 0 0 0 0 6 438 5 944 4 11 14 15 208 761 945 1056 4 10 12 14 208 1526 1965 2229
0 41 0 41 0 0 0 0 1 83 1 83 0 2 3 3 0 124 166 191 0 2 3 3 0 124 166 191
0 0 0 0 0 0 0 0 0 0 0 0 0 0 0 0 0 0 0 0 0 0 0 0 0 0 0 0
0 0 0 0 0 0 0 0 0 0 0 0 0 0 0 0 0 0 0 0 0 0 0 0 0 0 0 0
0 0 0 0 0 0 0 0 0 0 0 0 0 0 0 0 0 0 0 0 0 0 0 0 0 0 0 0
0 0 0 0 0 0 0 0 0 0 0 0 0 0 0 0 0 0 0 0 0 0 0 0 0 0 0 0
0 0 0 0 0 0 0 0 0 0 0 0 0 0 0 0 0 0 0 0 0 0 0 0 0 0 0 0
0 0 0 0 0 0 0 0 0 0 0 0 0 0 0 0 0 0 0 0 0 0 0 0 0 0 0 0
0 0 0 0 0 0 0 0 0 0 0 0 0 0 0 0 0 0 0 0 0 0 0 0 0 0 0 0
0 0 0 0 0 0 0 0 0 0 0 0 0 0 0 0 0 0 0 0 0 0 0 0 0 0 0 0
