15 1518 14 5759 0 0 0 0 19 2114 18 7189 26 39 44 47 2207 4114 4750 5131 25 37 41 44 12205 14837 15715 16241 1 3 0 1 3 0 1 3 0 1 3 0 1 2 0 1 2 0 1 2 0 1 2 0
8 1146 13 10159 0 0 0 0 10 1533 17 13350 21 21 21 21 1894 3061 3449 3683 26 36 39 41 17749 26928 29988 31824 1 3 0 1 3 0 1 3 0 1 3 0 1 2 0 1 2 0 1 2 0 1 2 0
11 1832 25 20915 13 1894 26 17749 9 1578 14 14043 21 21 21 21 3302 3624 3731 3796 34 39 41 42 33048 36943 38241 39020 1 1 0 1 1 0 1 1 0 1 1 0 1 4 0 1 4 0 1 4 0 1 4 0
8 1186 21 17996 4 570 22 14239 7 1248 16 15803 13 17 19 20 1894 2738 3020 3189 34 39 41 42 33048 36943 38241 39020 0 0 0 0 0 0 0 0 0 0 0 0 1 5 0 1 5 0 1 5 0 1 5 0
6 1246 8 4923 4 570 5 3113 5 1330 8 5356 13 13 13 13 2322 2910 3106 3223 14 18 20 21 7227 11434 12836 13678 1 1 0 1 1 0 1 1 0 1 1 0 2 2 1 2 2 1 2 2 1 2 2 1
9 1399 9 4681 12 1532 11 5813 7 1230 8 4077 14 17 18 19 2322 2790 2946 3039 14 18 20 21 7227 9088 9708 10080 1 1 0 1 1 0 1 1 0 1 1 0 2 2 1 2 2 1 2 2 1 2 2 1
12 2893 13 6797 12 2634 12 6093 4 1116 4 1964 14 17 18 19 3102 4167 4522 4735 14 18 20 21 7227 9088 9708 10080 0 0 0 0 0 0 0 0 0 0 0 0 1 5 0 1 5 0 1 5 0 1 5 0
7 2122 8 4189 6 2634 10 4524 7 1888 8 3912 11 16 18 19 3102 4167 4522 4735 12 18 20 21 6093 8634 9481 9990 1 2 0 1 2 0 1 2 0 1 2 0 1 3 0 1 3 0 1 3 0 1 3 0
2 983 2 1226 0 0 0 0 4 1947 4 2433 1 7 8 10 40 2942 3910 4490 1 7 9 11 40 3671 4882 5608 1 3 0 1 3 0 1 3 0 1 3 0 2 1 0 2 1 0 2 1 0 2 1 0
7 2486 25 25300 0 0 0 0 14 4953 49 50580 1 22 29 34 40 7452 9923 11405 1 75 100 115 40 75892 101175 116346 2 1 0 2 1 0 2 1 0 2 1 0 2 1 0 2 1 0 2 1 0 2 1 0
9 2628 26 25544 1 40 1 40 14 4890 49 50459 9 25 31 34 706 7718 10056 11458 7 77 101 115 1224 76365 101412 116441 2 1 0 2 1 0 2 1 0 2 1 0 2 1 0 2 1 0 2 1 0 2 1 0
10 2989 40 42831 7 706 7 1224 13 4750 49 53476 9 25 31 34 1847 8175 10284 11550 71 103 114 120 86475 110466 118463 123261 1 2 0 1 2 0 1 2 0 1 2 0 2 1 0 2 1 0 2 1 0 2 1 0
10 7971 20 17900 7 1847 12 809 10 13940 26 34296 18 24 26 27 2219 22363 29078 33107 17 49 60 66 2219 52772 69623 79734 1 2 0 1 2 0 1 2 0 1 2 0 1 3 0 1 3 0 1 3 0 1 3 0
21 9905 35 27364 18 2219 17 3186 12 13116 26 33756 28 36 39 40 7532 24488 30140 33532 63 67 69 70 44135 69539 78007 83087 0 0 0 0 0 0 0 0 0 0 0 0 1 5 0 1 5 0 1 5 0 1 5 0
21 10380 33 25915 20 5277 29 23790 12 12906 19 22319 28 36 39 40 7532 24488 30140 33532 48 57 60 61 44135 52247 54951 56573 0 0 0 0 0 0 0 0 0 0 0 0 1 5 0 1 5 0 1 5 0 1 5 0
16 3048 30 25300 7 1167 29 23790 14 2838 23 22968 20 33 37 40 5277 6630 7081 7351 48 57 60 61 44135 52247 54951 56573 0 0 0 0 0 0 0 0 0 0 0 0 1 5 0 1 5 0 1 5 0 1 5 0
3 486 11 11715 4 574 3 220 3 444 18 22971 7 7 7 7 692 977 1072 1129 7 31 39 44 704 34874 46264 53098 1 2 0 1 2 0 1 2 0 1 2 0 1 3 0 1 3 0 1 3 0 1 3 0
1 140 1 166 0 0 0 0 2 222 2 273 2 5 5 6 126 394 484 538 2 5 5 6 126 472 588 657 2 1 0 2 1 0 2 1 0 2 1 0 2 1 0 2 1 0 2 1 0 2 1 0
2 401 11 12375 0 0 0 0 3 740 21 24687 2 5 6 7 126 1177 1528 1738 2 32 42 48 126 37099 49424 56819 2 1 0 2 1 0 2 1 0 2 1 0 2 1 0 2 1 0 2 1 0 2 1 0
6 1143 36 41660 8 1138 17 10415 5 1056 42 52492 9 11 12 12 1879 2372 2537 2636 53 87 99 106 61749 106383 121261 130188 1 2 0 1 2 0 1 2 0 1 2 0 1 3 0 1 3 0 1 3 0 1 3 0
10 5930 38 41832 9 1879 17 10415 6 8977 40 52357 13 17 19 20 2702 15363 19584 22116 53 87 99 106 61749 106383 121261 130188 0 0 0 0 0 0 0 0 0 0 0 0 1 5 0 1 5 0 1 5 0 1 5 0
8 5398 25 27455 4 237 4 160 7 9255 42 54342 13 17 19 20 2702 15363 19584 22116 8 69 90 102 746 81982 109061 125308 0 0 0 0 0 0 0 0 0 0 0 0 1 5 0 1 5 0 1 5 0 1 5 0
5 4832 2 205 2 119 2 119 7 9486 2 277 4 14 17 19 237 14377 19091 21919 4 6 7 7 160 511 628 699 1 2 0 1 2 0 1 2 0 1 2 0 1 3 0 1 3 0 1 3 0 1 3 0
9 3481 29 31584 4 237 4 160 11 4169 37 45781 14 23 25 27 8380 8624 8706 8755 47 75 84 90 40002 86657 102209 111540 1 2 0 1 2 0 1 2 0 1 2 0 2 1 0 2 1 0 2 1 0 2 1 0
18 4852 74 87701 18 6302 47 40002 10 3743 80 101024 29 29 29 29 8380 8624 8706 8755 94 170 196 211 117761 210258 241090 259590 1 1 0 1 1 0 1 1 0 1 1 0 1 4 0 1 4 0 1 4 0 1 4 0
21 4404 95 113246 18 3780 69 77213 6 2844 74 95679 29 29 29 29 6302 7793 8290 8589 129 184 203 214 168269 230461 251192 263630 0 0 0 0 0 0 0 0 0 0 0 0 1 5 0 1 5 0 1 5 0 1 5 0
12 1813 92 120362 15 1829 69 77213 5 1224 66 91591 17 17 17 17 2362 3212 3496 3666 129 172 186 195 168269 231025 251944 264495 0 0 0 0 0 0 0 0 0 0 0 0 1 5 0 1 5 0 1 5 0 1 5 0
6 1123 84 111300 5 1123 69 77213 5 890 65 90222 7 13 14 16 1829 2148 2255 2319 95 158 179 192 129013 215323 244092 261355 1 1 0 1 1 0 0 0 0 0 0 0 1 4 0 1 4 0 1 5 0 1 5 0
1 293 30 41570 1 40 2 2770 1 430 38 52125 2 3 4 4 305 795 959 1057 54 78 86 91 74643 107265 118138 124663 1 2 0 1 2 0 1 1 0 1 1 0 2 1 0 2 1 0 2 2 1 2 2 1
0 38 5 6241 1 40 2 1425 0 40 7 9712 1 1 1 1 40 83 97 106 2 12 16 18 2770 16460 21023 23761 1 2 0 1 2 0 1 1 0 1 1 0 1 3 0 1 3 0 2 2 1 2 2 1
2 110 6 6021 1 40 2 1425 1 108 7 9799 2 3 4 4 112 236 277 302 5 14 16 18 1630 16004 20795 23670 0 0 0 0 0 0 0 0 0 0 0 0 1 5 0 1 5 0 1 5 0 1 5 0
2 118 2 642 1 40 2 119 1 119 1 726 3 4 4 4 192 268 293 308 2 3 4 4 1425 1548 1589 1613 1 1 0 1 1 0 1 1 0 1 1 0 1 4 0 1 4 0 1 4 0 1 4 0
1 102 1 349 0 0 0 0 2 131 1 641 3 4 4 4 192 268 293 308 2 3 4 4 119 1025 1327 1509 1 3 0 1 3 0 1 3 0 1 3 0 1 2 0 1 2 0 1 2 0 1 2 0
0 0 0 0 0 0 0 0 0 0 0 0 0 0 0 0 0 0 0 0 0 0 0 0 0 0 0 0 1 5 0 1 5 0 1 5 0 1 5 0 0 0 0 0 0 0 0 0 0 0 0 0
0 16 0 16 0 0 0 0 0 32 0 32 0 1 1 1 0 48 63 73 0 1 1 1 0 48 63 73 2 2 1 2 2 1 2 2 1 2 2 1 1 1 0 1 1 0 1 1 0 1 1 0
1 314 1 440 1 40 1 40 0 569 1 822 2 2 2 2 80 903 1178 1343 2 2 2 2 80 1282 1683 1923 2 1 0 2 1 0 2 1 0 2 1 0 2 1 0 2 1 0 2 1 0 2 1 0
23 6570 67 66481 2 1453 3 2084 28 7471 80 80661 50 59 62 63 14896 15835 16148 16335 163 167 168 169 158703 166428 169003 170548 1 1 0 1 1 0 1 1 0 1 1 0 1 4 0 1 4 0 1 4 0 1 4 0
64 29572 97 82064 65 16461 90 39510 37 25112 62 69277 100 102 103 103 43164 60397 66141 69588 163 167 168 169 158703 166428 169003 170548 0 0 0 0 0 0 0 0 0 0 0 0 1 5 0 1 5 0 1 5 0 1 5 0
76 36402 85 55535 93 43164 76 38444 32 22912 47 59170 100 102 103 103 43959 60715 66300 69651 90 138 154 163 39510 118751 145165 161013 0 0 0 0 0 0 0 0 0 0 0 0 1 5 0 1 5 0 1 5 0 1 5 0
78 31428 82 41625 93 21672 76 37170 35 23787 39 33278 100 112 116 119 43959 60715 66300 69651 90 126 138 145 38444 77999 91183 99095 0 0 0 0 0 0 0 0 0 0 0 0 1 5 0 1 5 0 1 5 0 1 5 0
50 10139 60 37274 47 8849 50 24025 40 6821 49 35426 61 97 108 116 11517 17610 19641 20859 69 117 133 143 37170 77489 90929 98993 0 0 0 0 0 0 0 0 0 0 0 0 1 5 0 1 5 0 1 5 0 1 5 0
27 6127 50 39943 14 6864 50 24025 22 3970 39 48611 47 55 58 59 8849 10449 10983 11303 69 96 105 111 37170 94962 114226 125785 0 0 0 0 0 0 0 0 0 0 0 0 1 5 0 1 5 0 1 5 0 1 5 0
8 2720 40 41537 7 2856 14 3402 3 2337 41 52794 10 12 13 13 2933 5291 6077 6549 56 91 103 110 68766 107601 120545 128313 0 0 0 0 0 0 0 0 0 0 0 0 1 5 0 1 5 0 1 5 0 1 5 0
8 2695 38 40754 8 2933 10 938 3 2395 42 53376 10 12 13 13 3013 5323 6093 6555 56 91 103 110 68766 107601 120545 128313 0 0 0 0 0 0 0 0 0 0 0 0 1 5 0 1 5 0 1 5 0 1 5 0
5 1322 15 14063 5 269 5 239 1 1347 20 27352 5 6 7 7 2933 2981 2997 3006 9 37 46 52 938 41634 55200 63339 0 0 0 0 0 0 0 0 0 0 0 0 1 5 0 1 5 0 1 5 0 1 5 0
3 690 3 275 4 199 5 200 2 1164 3 345 5 6 7 7 200 1887 2450 2787 5 7 8 8 239 658 798 882 1 1 0 1 1 0 1 2 0 1 2 0 1 4 0 1 4 0 1 3 0 1 3 0
1 73 1 73 1 40 0 0 1 78 1 96 2 3 3 3 126 169 184 193 2 3 4 4 126 193 216 229 1 2 0 1 2 0 1 3 0 1 3 0 2 1 0 2 1 0 2 1 0 2 1 0
2 634 10 10600 0 0 0 0 3 1207 19 21137 2 6 7 8 126 1879 2463 2814 2 30 40 46 126 31776 42325 48656 2 1 0 2 1 0 2 1 0 2 1 0 2 1 0 2 1 0 2 1 0 2 1 0
10 2421 64 79513 8 3048 50 52876 12 2127 79 102972 9 24 28 32 3296 4700 5168 5449 55 152 184 204 66286 193481 235879 261318 1 1 0 1 1 0 1 1 0 1 1 0 2 2 1 2 2 1 2 2 1 2 2 1
22 3096 132 165754 15 3048 79 98571 14 1540 88 116363 34 40 42 44 3296 4700 5168 5449 217 242 250 255 278278 310969 321866 328404 0 0 0 0 0 0 0 0 0 0 0 0 1 5 0 1 5 0 1 5 0 1 5 0
21 2201 113 142281 15 944 79 98571 15 1852 105 139044 34 40 42 44 2685 4456 5046 5400 217 242 250 255 278278 310969 321866 328404 0 0 0 0 0 0 0 0 0 0 0 0 1 5 0 1 5 0 1 5 0 1 5 0
6 779 29 33780 5 928 9 1320 5 410 31 41736 10 13 14 14 944 1102 1155 1186 52 68 73 76 68533 86555 92563 96167 1 1 0 1 1 0 1 1 0 1 1 0 1 4 0 1 4 0 1 4 0 1 4 0
5 2183 27 28070 5 1208 17 1640 4 2179 23 33175 10 10 10 10 2535 4752 5490 5934 52 55 56 56 68533 68729 68795 68834 1 1 0 1 1 0 1 1 0 1 1 0 2 2 0 2 2 0 2 2 0 2 2 0
6 2908 36 40966 5 2535 41 50880 4 2019 24 34369 11 11 11 11 3504 5139 5684 6011 57 61 63 64 68861 77616 80534 82285 1 1 0 1 1 0 1 1 0 1 1 0 1 4 0 1 4 0 1 4 0 1 4 0
23 5395 49 42510 11 6230 54 41229 18 2174 19 26342 44 46 47 47 6822 7618 7883 8042 65 68 69 70 50880 70423 76938 80847 0 0 0 0 0 0 0 0 0 0 0 0 1 5 0 1 5 0 1 5 0 1 5 0
29 5336 55 48635 35 4825 54 41229 16 1873 26 31074 44 46 47 47 6822 7618 7883 8042 71 84 89 92 50880 83278 94077 100557 0 0 0 0 0 0 0 0 0 0 0 0 1 5 0 1 5 0 1 5 0 1 5 0
20 3634 42 34197 9 3383 17 12591 17 2118 33 36690 35 42 45 46 4825 6023 6422 6662 71 84 89 92 35348 77065 90971 99314 0 0 0 0 0 0 0 0 0 0 0 0 1 5 0 1 5 0 1 5 0 1 5 0
5 2228 11 6284 7 2640 13 7330 3 1740 6 5152 7 8 8 8 3383 4122 4369 4517 16 16 16 16 10841 11891 12241 12451 1 1 0 1 1 0 1 1 0 1 1 0 1 4 0 1 4 0 1 4 0 1 4 0
9 2524 11 5529 7 2692 13 5919 6 2005 6 4753 15 16 17 17 4616 4734 4774 4798 15 17 18 18 8475 10944 11767 12261 1 1 0 1 1 0 1 1 0 1 1 0 2 2 0 2 2 0 2 2 0 2 2 0
16 3042 18 9235 15 2692 19 8475 11 2048 12 7056 18 29 33 35 4814 5372 5558 5669 21 31 35 37 10258 17018 19272 20624 1 1 0 1 1 0 1 1 0 1 1 0 1 4 0 1 4 0 1 4 0 1 4 0
24 5353 38 25546 18 5744 24 14201 12 2032 25 24280 37 39 40 40 6020 7344 7785 8050 39 67 77 83 21526 52573 62922 69132 0 0 0 0 0 0 0 0 0 0 0 0 1 5 0 1 5 0 1 5 0 1 5 0
22 5930 37 24681 14 5744 24 14201 13 1325 26 24985 37 39 40 40 6020 7344 7785 8050 39 67 77 83 21526 52573 62922 69132 0 0 0 0 0 0 0 0 0 0 0 0 1 5 0 1 5 0 1 5 0 1 5 0
12 6912 17 7008 12 5554 24 6099 7 6312 9 5036 14 20 22 23 6020 13700 16259 17796 24 24 24 24 11053 12941 13571 13949 0 0 0 0 0 0 0 0 0 0 0 0 1 5 0 1 5 0 1 5 0 1 5 0
7 4630 8 2097 2 123 2 662 8 7264 9 2324 10 18 21 22 4107 12934 15877 17642 12 19 22 23 3357 5002 5550 5879 0 0 0 0 0 0 0 0 0 0 0 0 1 5 0 1 5 0 1 5 0 1 5 0
9 5689 10 2624 7 3912 10 2734 8 6906 8 2169 12 19 21 23 5554 13513 16166 17758 13 20 22 24 3588 5094 5596 5898 0 0 0 0 0 0 0 0 0 0 0 0 1 5 0 1 5 0 1 5 0 1 5 0
5 2715 6 1420 5 2603 7 584 3 1908 4 1457 7 10 11 11 3912 4897 5225 5422 10 11 12 12 2734 3246 3417 3519 0 0 0 0 0 0 0 0 0 0 0 0 1 5 0 1 5 0 1 5 0 1 5 0
12 3746 20 13891 10 2603 10 2528 10 2837 25 24802 12 24 28 31 5554 7245 7809 8147 13 47 59 66 2734 39166 51310 58597 0 0 0 0 0 0 0 0 0 0 0 0 1 5 0 1 5 0 1 5 0 1 5 0
14 4325 60 66286 11 4366 71 63455 9 2933 48 64451 12 24 28 31 6687 7698 8035 8238 77 113 124 132 89834 140952 157991 168215 0 0 0 0 0 0 0 0 0 0 0 0 1 5 0 1 5 0 1 5 0 1 5 0
13 4742 72 82898 12 4684 77 88178 3 2290 40 55854 17 17 17 17 6687 7018 7128 7194 80 114 125 132 89834 140952 157991 168215 0 0 0 0 0 0 0 0 0 0 0 0 1 5 0 1 5 0 1 5 0 1 5 0
13 4746 90 107465 14 4684 80 88178 4 1980 31 43598 17 17 17 17 6081 6775 7007 7146 116 128 132 135 140843 161355 168193 172295 0 0 0 0 0 0 0 0 0 0 0 0 1 5 0 1 5 0 1 5 0 1 5 0
11 3849 82 98472 9 4039 80 88178 4 1580 18 23056 14 16 17 17 4684 5522 5801 5969 85 103 109 113 102960 125689 133266 137812 0 0 0 0 0 0 0 0 0 0 0 0 1 5 0 1 5 0 1 5 0 1 5 0
11 4772 94 114494 10 4039 85 102960 3 2013 52 75188 14 16 17 17 6081 7248 7637 7870 116 153 166 173 140843 198242 217375 228855 0 0 0 0 0 0 0 0 0 0 0 0 1 5 0 1 5 0 1 5 0 1 5 0
13 5755 82 96574 10 4039 85 102960 4 4213 62 87211 18 18 18 18 8026 10923 11889 12468 117 154 166 174 134461 195689 216099 228345 0 0 0 0 0 0 0 0 0 0 0 0 1 5 0 1 5 0 1 5 0 1 5 0
9 4429 29 28688 10 1228 11 2805 8 5158 44 52934 18 18 18 18 8026 10923 11889 12468 20 78 97 109 6138 83131 108796 124195 1 1 0 1 1 0 1 1 0 1 1 0 2 2 1 2 2 1 2 2 1 2 2 1
8 3123 48 56102 10 1228 11 2805 7 3745 54 67876 13 17 18 19 4482 7711 8788 9434 104 116 120 122 128433 140913 145073 147569 1 1 0 1 1 0 1 1 0 1 1 0 2 2 1 2 2 1 2 2 1 2 2 1
14 5691 112 138808 13 4594 124 149233 8 3642 62 78642 20 24 25 26 9474 9708 9786 9833 138 171 182 188 177930 214215 226310 233567 0 0 0 0 0 0 0 0 0 0 0 0 1 5 0 1 5 0 1 5 0 1 5 0
17 7944 151 191270 17 9219 138 177930 5 2038 25 33079 20 24 25 26 9474 9708 9786 9833 170 183 188 191 220595 231281 234843 236980 0 0 0 0 0 0 0 0 0 0 0 0 1 5 0 1 5 0 1 5 0 1 5 0
12 5688 109 137473 15 5990 134 170188 4 2349 56 75855 15 16 16 16 6569 8159 8689 9007 138 157 163 167 177930 203529 212062 217181 0 0 0 0 0 0 0 0 0 0 0 0 1 5 0 1 5 0 1 5 0 1 5 0
8 4517 48 57845 5 5185 6 418 5 3163 55 72405 15 15 15 15 5990 7927 8573 8960 97 119 126 131 118234 149406 159797 166031 0 0 0 0 0 0 0 0 0 0 0 0 1 5 0 1 5 0 1 5 0 1 5 0
12 10036 27 25096 6 5185 5 877 11 14450 36 46619 15 26 30 32 5990 25516 32025 35930 26 68 82 91 5980 73332 95783 109253 0 0 0 0 0 0 0 0 0 0 0 0 1 5 0 1 5 0 1 5 0 1 5 0
10 8854 8 1465 5 353 5 270 12 14965 9 2275 6 22 28 31 5185 25194 31864 35866 5 17 21 24 877 3938 4959 5571 0 0 0 0 0 0 0 0 0 0 0 0 1 5 0 1 5 0 1 5 0 1 5 0
7 3569 9 2084 6 353 5 877 6 5096 8 3066 6 14 17 18 3962 9582 11456 12580 10 19 22 24 1189 5370 6764 7600 0 0 0 0 0 0 0 0 0 0 0 0 1 5 0 1 5 0 1 5 0 1 5 0
7 4807 8 2366 6 3962 6 1189 6 4939 9 2984 8 15 17 19 6642 10654 11992 12794 10 19 22 24 2112 5739 6948 7674 0 0 0 0 0 0 0 0 0 0 0 0 1 5 0 1 5 0 1 5 0 1 5 0
8 5215 10 3847 8 3810 6 2112 6 4589 8 3080 9 15 17 19 6642 10654 11992 12794 15 21 23 25 6872 7643 7900 8055 0 0 0 0 0 0 0 0 0 0 0 0 1 5 0 1 5 0 1 5 0 1 5 0
11 5452 12 3620 9 5150 15 3173 5 2463 5 1834 17 17 17 17 6642 8311 8867 9201 17 18 18 18 4186 5797 6334 6657 0 0 0 0 0 0 0 0 0 0 0 0 1 5 0 1 5 0 1 5 0 1 5 0
12 5353 13 3388 11 4265 12 3477 4 2083 4 923 17 17 17 17 5150 7714 8569 9082 17 18 18 18 4186 4283 4315 4335 0 0 0 0 0 0 0 0 0 0 0 0 1 5 0 1 5 0 1 5 0 1 5 0
9 4402 10 3162 9 4205 12 3802 5 2991 5 1610 11 14 15 16 4265 7360 8392 9011 12 15 16 16 4186 4283 4315 4335 1 1 0 1 1 0 1 1 0 1 1 0 1 4 0 1 4 0 1 4 0 1 4 0
8 4355 9 4116 9 4205 10 4348 4 2937 4 2345 9 12 13 13 4265 7262 8261 8860 12 13 13 13 5318 6394 6753 6968 1 1 0 1 1 0 1 1 0 1 1 0 2 2 0 2 2 0 2 2 0 2 2 0
5 3436 6 3056 6 3874 8 2854 5 3408 5 2838 9 12 13 13 4049 7175 8217 8843 10 12 13 13 5318 6394 6753 6968 2 1 0 2 1 0 2 1 0 2 1 0 1 3 0 1 3 0 1 3 0 1 3 0
8 4359 9 3545 9 4049 10 3055 5 3078 5 2242 12 15 16 16 4221 7480 8567 9219 11 14 15 15 5318 6026 6262 6404 1 1 0 1 1 0 1 1 0 1 1 0 2 2 0 2 2 0 2 2 0 2 2 0
8 3765 8 2814 12 4221 11 3055 6 3574 6 2516 13 15 16 16 4872 7741 8697 9271 13 14 15 15 4440 5675 6087 6334 1 1 0 1 1 0 1 1 0 1 1 0 1 4 0 1 4 0 1 4 0 1 4 0
6 2933 6 2225 2 80 2 110 7 3845 6 2727 13 15 16 16 4872 7741 8697 9271 13 14 15 15 4440 5675 6087 6334 1 1 0 1 1 0 1 1 0 1 1 0 1 4 0 1 4 0 1 4 0 1 4 0
4 2801 5 1316 2 80 2 110 5 4094 6 2066 7 11 12 13 3264 7667 9135 10015 7 13 15 17 1010 3633 4508 5033 1 1 0 1 1 0 1 1 0 1 1 0 2 2 0 2 2 0 2 2 0 2 2 0
7 5084 9 2889 7 3872 7 2781 4 3683 6 2181 11 12 13 13 7684 9435 10019 10369 13 16 17 17 5274 5339 5361 5374 1 1 0 1 1 0 1 1 0 1 1 0 1 4 0 1 4 0 1 4 0 1 4 0
6 4447 8 2703 6 3872 7 2781 5 4184 6 2365 11 12 13 13 7684 9435 10019 10369 13 16 17 17 5274 5339 5361 5374 0 0 0 0 0 0 0 0 0 0 0 0 1 5 0 1 5 0 1 5 0 1 5 0
10 5433 10 2514 11 7684 13 1652 8 4467 8 2445 18 19 20 20 9462 9749 9845 9902 18 19 19 19 5274 5448 5506 5540 0 0 0 0 0 0 0 0 0 0 0 0 1 5 0 1 5 0 1 5 0 1 5 0
10 5153 9 1705 10 6322 9 1269 8 4371 8 2037 18 19 20 20 9462 9749 9845 9902 18 19 19 19 1652 3999 4781 5251 1 1 0 1 1 0 1 1 0 1 1 0 1 4 0 1 4 0 1 4 0 1 4 0
10 4455 10 1343 10 4175 11 1269 6 3474 6 987 13 17 19 20 6322 8493 9217 9651 12 16 18 19 1652 2451 2717 2877 1 1 0 1 1 0 1 1 0 1 1 0 2 2 0 2 2 0 2 2 0 2 2 0
7 3494 8 2277 8 3873 11 2724 4 2541 4 1717 9 11 12 12 4175 6221 6902 7312 12 13 13 13 2984 4113 4490 4716 1 1 0 1 1 0 1 1 0 1 1 0 1 4 0 1 4 0 1 4 0 1 4 0
6 3486 8 2783 8 3873 11 2984 3 2539 4 1577 9 10 10 10 4136 6205 6895 7309 12 13 13 13 3341 4256 4561 4744 1 1 0 1 1 0 1 1 0 1 1 0 1 4 0 1 4 0 1 4 0 1 4 0
5 3427 6 2209 6 3873 7 2724 3 1791 3 1157 6 9 10 10 4136 4819 5047 5183 8 10 11 11 2727 3095 3218 3291 1 1 0 1 1 0 1 1 0 1 1 0 2 2 0 2 2 0 2 2 0 2 2 0
4 2626 4 1670 5 2497 6 2256 2 1826 3 1211 6 6 6 6 3851 4705 4990 5161 8 8 8 8 2727 2847 2887 2911 1 1 0 1 1 0 1 1 0 1 1 0 1 4 0 1 4 0 1 4 0 1 4 0
11 4441 15 9935 5 3811 6 2609 13 2658 19 15776 6 25 32 36 5275 7579 8347 8807 8 35 43 49 2928 26035 33738 38359 0 0 0 0 0 0 0 0 0 0 0 0 1 5 0 1 5 0 1 5 0 1 5 0
14 5751 18 11501 8 3999 8 2928 12 2883 17 15123 15 29 34 37 9115 9247 9291 9317 18 39 45 50 8164 28130 34785 38778 0 0 0 0 0 0 0 0 0 0 0 0 1 5 0 1 5 0 1 5 0 1 5 0
7 4211 7 3275 6 3872 7 2609 4 2965 5 2669 8 12 13 14 3999 7200 8267 8908 7 13 15 17 3195 6176 7170 7766 0 0 0 0 0 0 0 0 0 0 0 0 1 5 0 1 5 0 1 5 0 1 5 0
5 3139 6 2315 6 3875 7 2755 2 1550 2 1180 7 7 7 7 3913 3964 3981 3992 8 8 8 8 3195 3211 3216 3219 0 0 0 0 0 0 0 0 0 0 0 0 1 5 0 1 5 0 1 5 0 1 5 0
6 4292 7 2750 7 3913 8 2785 3 2878 3 1574 7 9 10 10 4550 7271 8177 8722 9 11 12 12 3222 4257 4602 4809 0 0 0 0 0 0 0 0 0 0 0 0 1 5 0 1 5 0 1 5 0 1 5 0
7 4572 9 2621 7 3875 9 2755 2 2469 2 1449 9 10 10 10 4550 7271 8177 8722 11 12 12 12 2785 4082 4515 4774 0 0 0 0 0 0 0 0 0 0 0 0 1 5 0 1 5 0 1 5 0 1 5 0
6 3878 8 2346 7 4274 9 2301 2 1244 2 1164 9 9 9 9 4550 4948 5081 5160 11 11 11 11 2785 3531 3780 3929 0 0 0 0 0 0 0 0 0 0 0 0 1 5 0 1 5 0 1 5 0 1 5 0
5 3017 6 1826 5 3993 6 2301 2 1914 3 1451 8 8 8 8 4274 4838 5026 5138 9 10 10 10 2349 3357 3692 3894 0 0 0 0 0 0 0 0 0 0 0 0 1 5 0 1 5 0 1 5 0 1 5 0
4 2631 4 1591 5 3912 6 2301 3 2181 3 1328 7 7 7 7 3993 4725 4969 5116 8 8 8 8 2349 2899 3083 3193 1 1 0 1 1 0 1 1 0 1 1 0 1 4 0 1 4 0 1 4 0 1 4 0
3 1857 3 1126 1 40 1 40 3 2303 3 1395 7 7 7 7 3912 4766 5051 5222 7 7 7 7 2325 2890 3078 3191 2 1 0 2 1 0 2 1 0 2 1 0 2 1 0 2 1 0 2 1 0 2 1 0
4 3116 3 1084 0 0 0 0 5 4120 4 1350 7 10 11 12 5336 8282 9264 9854 7 9 10 10 2325 2787 2941 3034 2 1 0 2 1 0 2 1 0 2 1 0 2 1 0 2 1 0 2 1 0 2 1 0
6 4311 6 1752 6 5274 6 2346 5 3906 6 1466 12 12 12 12 6035 8562 9404 9910 11 14 15 15 3096 3231 3276 3303 1 2 0 1 2 0 1 2 0 1 2 0 1 3 0 1 3 0 1 3 0 1 3 0
11 5329 12 5098 12 5274 11 3096 8 3260 9 5933 13 20 23 24 6035 8562 9404 9910 16 22 24 26 3321 11365 14047 15656 1 1 0 1 1 0 1 1 0 1 1 0 2 2 1 2 2 1 2 2 1 2 2 1
9 3632 9 5014 6 3945 7 2828 8 1906 9 5961 7 18 22 24 5092 5201 5237 5259 8 19 23 25 3170 11305 14017 15644 1 1 0 1 1 0 1 1 0 1 1 0 2 2 1 2 2 1 2 2 1 2 2 1
10 3826 11 5577 7 3945 8 2828 7 1940 7 5580 8 18 22 24 5092 5618 5794 5899 8 19 23 25 3170 11305 14017 15644 0 0 0 0 0 0 0 0 0 0 0 0 1 5 0 1 5 0 1 5 0 1 5 0
6 3574 7 2419 7 3945 7 2549 1 2553 1 501 8 8 8 8 5970 6373 6507 6588 8 8 8 8 2609 2945 3057 3125 0 0 0 0 0 0 0 0 0 0 0 0 1 5 0 1 5 0 1 5 0 1 5 0
5 2549 6 2235 5 1041 7 2072 1 2406 1 643 7 7 7 7 3926 5555 6098 6424 7 7 7 7 2609 3012 3147 3228 0 0 0 0 0 0 0 0 0 0 0 0 1 5 0 1 5 0 1 5 0 1 5 0
4 2220 5 2300 4 1041 5 1699 2 2019 2 1706 6 6 6 6 3926 4734 5004 5166 7 7 7 7 3282 4316 4661 4868 1 1 0 1 1 0 1 1 0 1 1 0 1 4 0 1 4 0 1 4 0 1 4 0
6 3043 7 3557 6 4227 8 3400 4 2176 4 2738 8 10 11 11 4855 5106 5190 5240 10 12 13 13 5006 6721 7293 7636 1 1 0 1 1 0 1 1 0 1 1 0 2 2 0 2 2 0 2 2 0 2 2 0
5 2882 6 2719 7 4227 6 2330 4 2378 5 2894 8 10 11 11 4855 5138 5233 5290 10 12 13 13 3400 6079 6971 7507 2 1 0 2 1 0 2 1 0 2 1 0 2 1 0 2 1 0 2 1 0 2 1 0
5 3472 6 2268 7 3935 6 2330 2 1813 3 1274 7 7 7 7 4227 4887 5107 5239 9 9 9 9 3400 3492 3523 3541 1 1 0 1 1 0 1 1 0 1 1 0 2 2 1 2 2 1 2 2 1 2 2 1
8 5315 9 3157 7 5328 9 3234 2 1304 3 912 12 12 12 12 6188 6827 7040 7168 12 13 14 14 3554 4187 4398 4524 0 0 0 0 0 0 0 0 0 0 0 0 1 5 0 1 5 0 1 5 0 1 5 0
8 4575 9 2760 10 5498 10 3234 4 2528 5 1550 12 12 12 12 6188 6827 7040 7168 12 13 14 14 3554 4187 4398 4524 1 1 0 1 1 0 1 1 0 1 1 0 1 4 0 1 4 0 1 4 0 1 4 0
7 4135 7 2351 10 5498 10 2888 4 3385 4 1214 12 12 12 12 7254 7546 7643 7702 11 11 11 11 3233 3233 3233 3233 1 1 0 1 1 0 1 1 0 1 1 0 2 2 0 2 2 0 2 2 0 2 2 0
5 3134 6 2537 6 3872 7 3014 3 2858 3 1288 6 9 10 11 3875 6194 6967 7431 8 9 10 10 3233 3423 3487 3525 1 1 0 1 1 0 1 1 0 1 1 0 1 4 0 1 4 0 1 4 0 1 4 0
5 3428 6 2734 6 3872 7 3014 4 3350 3 1445 6 10 11 12 3875 7077 8145 8785 8 10 11 11 3551 3952 4086 4166 1 1 0 1 1 0 1 1 0 1 1 0 1 4 0 1 4 0 1 4 0 1 4 0
5 3666 5 1558 6 3875 7 558 4 3469 4 1735 6 10 11 12 5245 7625 8419 8895 7 10 11 11 3014 3737 3978 4123 2 1 0 2 1 0 2 1 0 2 1 0 2 1 0 2 1 0 2 1 0 2 1 0
5 3881 7 2009 5 3812 7 558 6 3843 7 2584 6 13 15 17 5245 8308 9329 9942 7 15 18 19 2713 5150 5962 6450 2 1 0 2 1 0 2 1 0 2 1 0 2 1 0 2 1 0 2 1 0 2 1 0
7 4253 10 4186 7 3812 11 5259 5 3419 6 2511 9 14 16 17 4554 8032 9191 9887 12 17 19 20 6184 6538 6656 6727 1 1 0 1 1 0 1 1 0 1 1 0 1 4 0 1 4 0 1 4 0 1 4 0
9 5185 11 4590 9 4554 11 5259 4 2691 5 2235 9 14 16 17 4668 8077 9214 9896 12 17 19 20 6184 6538 6656 6727 0 0 0 0 0 0 0 0 0 0 0 0 1 5 0 1 5 0 1 5 0 1 5 0
5 3673 7 2952 6 4554 8 2531 2 1862 3 1674 7 8 8 8 4668 5032 5153 5226 10 10 10 10 4281 4867 5063 5180 0 0 0 0 0 0 0 0 0 0 0 0 1 5 0 1 5 0 1 5 0 1 5 0
9 3937 34 37284 6 3804 8 2531 7 2463 42 52428 14 19 21 22 5275 6614 7060 7328 45 85 99 107 44414 99836 118310 129395 0 0 0 0 0 0 0 0 0 0 0 0 1 5 0 1 5 0 1 5 0 1 5 0
18 7402 53 52829 20 7507 45 44414 8 3316 39 49618 23 27 28 29 8256 11065 12002 12564 81 100 106 110 74430 111843 124313 131796 0 0 0 0 0 0 0 0 0 0 0 0 1 5 0 1 5 0 1 5 0 1 5 0
19 6905 69 73546 20 5245 71 74430 7 3446 37 49165 25 28 29 29 8256 11065 12002 12564 81 111 120 127 89181 127905 140813 148557 0 0 0 0 0 0 0 0 0 0 0 0 1 5 0 1 5 0 1 5 0 1 5 0
21 6352 71 76925 25 5245 71 74430 10 3741 39 48611 30 31 32 32 6997 10562 11750 12463 81 111 120 127 89181 127905 140813 148557 0 0 0 0 0 0 0 0 0 0 0 0 1 5 0 1 5 0 1 5 0 1 5 0
60 6726 166 212565 33 5245 131 153721 65 4884 129 182602 46 131 159 176 6997 12293 14059 15118 266 321 340 351 348781 435331 464181 481491 0 0 0 0 0 0 0 0 0 0 0 0 1 5 0 1 5 0 1 5 0 1 5 0
104 8107 242 320749 116 6997 266 348781 58 4074 98 144716 140 168 178 184 7938 12670 14247 15194 301 335 347 354 409611 459663 476347 486357 0 0 0 0 0 0 0 0 0 0 0 0 1 5 0 1 5 0 1 5 0 1 5 0
94 6072 374 509873 116 5865 359 493031 47 1286 116 161622 140 140 140 140 6781 7475 7706 7845 438 508 532 546 600038 695867 727810 746976 0 0 0 0 0 0 0 0 0 0 0 0 1 5 0 1 5 0 1 5 0 1 5 0
117 7029 320 434279 140 6781 246 330695 43 1190 152 211468 141 141 141 141 7938 8465 8641 8746 438 508 532 546 600038 695867 727810 746976 0 0 0 0 0 0 0 0 0 0 0 0 1 5 0 1 5 0 1 5 0 1 5 0
101 6475 267 362459 108 5865 246 330695 40 1822 156 216690 136 139 140 141 8178 8561 8689 8765 278 444 500 533 382513 608857 684305 729574 0 0 0 0 0 0 0 0 0 0 0 0 1 5 0 1 5 0 1 5 0 1 5 0
85 7450 319 432271 92 6052 278 382513 39 3335 181 249005 108 128 135 139 8178 11376 12442 13081 500 536 548 555 680084 727688 743556 753077 0 0 0 0 0 0 0 0 0 0 0 0 1 5 0 1 5 0 1 5 0 1 5 0
45 5936 453 618362 29 4809 476 653953 26 4064 94 126969 59 78 85 89 6052 10525 12016 12911 500 536 548 555 680084 727688 743556 753077 0 0 0 0 0 0 0 0 0 0 0 0 1 5 0 1 5 0 1 5 0 1 5 0
23 4531 452 618471 23 4809 476 653953 4 1629 55 75900 28 28 28 28 5921 5999 6025 6041 488 495 497 499 669427 675821 677952 679231 0 0 0 0 0 0 0 0 0 0 0 0 1 5 0 1 5 0 1 5 0 1 5 0
22 4358 450 615889 23 4809 452 615839 4 1929 57 82408 26 27 28 28 5921 5975 5993 6003 488 506 512 516 669427 698828 708628 714508 0 0 0 0 0 0 0 0 0 0 0 0 1 5 0 1 5 0 1 5 0 1 5 0
24 5498 489 669212 25 5921 494 677183 4 3037 23 37398 26 29 30 31 6011 8525 9363 9865 500 511 515 517 678327 702388 710408 715220 0 0 0 0 0 0 0 0 0 0 0 0 1 5 0 1 5 0 1 5 0 1 5 0
41 6244 469 640261 26 6011 494 677183 33 3476 53 76965 32 77 91 101 9652 9981 10091 10157 500 517 523 526 678327 710932 721800 728321 0 0 0 0 0 0 0 0 0 0 0 0 1 5 0 1 5 0 1 5 0 1 5 0
47 4276 430 587612 28 3919 406 544039 33 3004 70 99886 60 88 97 103 4638 7646 8649 9250 494 515 522 526 677183 710474 721571 728230 0 0 0 0 0 0 0 0 0 0 0 0 1 5 0 1 5 0 1 5 0 1 5 0
48 5309 439 599194 30 4265 406 544039 32 2488 85 118744 60 88 97 103 6262 8296 8974 9380 488 543 562 573 672405 746178 770769 785523 0 0 0 0 0 0 0 0 0 0 0 0 1 5 0 1 5 0 1 5 0 1 5 0
23 4691 492 671186 21 4299 488 672405 4 824 56 80359 28 29 29 29 4711 5641 5951 6137 507 551 566 575 690773 753525 774442 786993 0 0 0 0 0 0 0 0 0 0 0 0 1 5 0 1 5 0 1 5 0 1 5 0
25 4246 526 721542 28 4711 507 690773 4 1650 42 58013 30 30 30 30 4731 5649 5955 6139 573 577 579 580 786393 791773 793566 794642 0 0 0 0 0 0 0 0 0 0 0 0 1 5 0 1 5 0 1 5 0 1 5 0
26 4080 512 701651 28 4713 497 681829 3 1471 30 42914 29 29 29 29 4731 5151 5291 5375 507 546 559 567 690773 748145 767269 778743 0 0 0 0 0 0 0 0 0 0 0 0 1 5 0 1 5 0 1 5 0 1 5 0
26 5450 508 694707 27 5431 497 679915 2 667 37 52064 28 28 28 28 5997 6226 6303 6349 517 550 561 568 707395 754793 770593 780073 0 0 0 0 0 0 0 0 0 0 0 0 1 5 0 1 5 0 1 5 0 1 5 0
24 4198 464 635651 25 5431 461 630485 3 2207 37 49449 27 28 28 28 5997 6226 6303 6349 492 507 512 515 669348 692176 699785 704351 0 0 0 0 0 0 0 0 0 0 0 0 1 5 0 1 5 0 1 5 0 1 5 0
23 3044 468 642931 25 2383 481 660669 2 2089 38 51026 26 26 26 26 4430 5600 5990 6224 492 507 512 515 675566 694663 701029 704848 0 0 0 0 0 0 0 0 0 0 0 0 1 5 0 1 5 0 1 5 0 1 5 0
27 4152 479 654369 25 4430 487 660669 5 2101 17 24757 26 33 35 37 5821 6467 6682 6811 492 492 492 492 671158 673802 674684 675213 0 0 0 0 0 0 0 0 0 0 0 0 1 5 0 1 5 0 1 5 0 1 5 0
28 4980 471 641861 26 5821 487 657854 7 3605 24 33541 36 37 37 37 6898 8924 9600 10005 492 492 492 492 671158 673802 674684 675213 0 0 0 0 0 0 0 0 0 0 0 0 1 5 0 1 5 0 1 5 0 1 5 0
24 3922 499 686126 25 1000 493 671158 6 3956 57 83689 25 31 33 35 6898 8924 9600 10005 529 567 580 587 733462 786155 803719 814258 0 0 0 0 0 0 0 0 0 0 0 0 1 5 0 1 5 0 1 5 0 1 5 0
20 3481 361 494793 19 1000 439 591074 10 3742 214 298334 25 31 33 35 4813 8090 9183 9838 529 567 580 587 733462 786155 803719 814258 0 0 0 0 0 0 0 0 0 0 0 0 1 5 0 1 5 0 1 5 0 1 5 0
12 3890 171 231500 10 4813 13 5260 6 2698 228 320580 14 20 22 24 5527 6743 7148 7391 238 451 522 564 327532 623783 722533 781783 0 0 0 0 0 0 0 0 0 0 0 0 1 5 0 1 5 0 1 5 0 1 5 0
7 4390 8 2327 6 4813 8 1495 1 2332 3 1625 9 9 9 9 5527 6743 7148 7391 9 11 12 12 2808 4279 4769 5063 0 0 0 0 0 0 0 0 0 0 0 0 1 5 0 1 5 0 1 5 0 1 5 0
6 4281 7 2506 6 3540 8 1495 3 3819 4 1696 9 10 11 11 7554 8861 9297 9558 12 12 12 12 3652 4616 4938 5131 0 0 0 0 0 0 0 0 0 0 0 0 1 5 0 1 5 0 1 5 0 1 5 0
11 5324 13 4767 10 5042 12 3652 8 3432 9 4772 12 21 23 25 8244 9137 9435 9613 15 23 26 27 4103 10014 11985 13167 0 0 0 0 0 0 0 0 0 0 0 0 1 5 0 1 5 0 1 5 0 1 5 0
12 5493 14 5370 10 5042 12 3652 7 3230 7 4335 12 21 23 25 8244 9137 9435 9613 15 23 26 27 4103 10014 11985 13167 0 0 0 0 0 0 0 0 0 0 0 0 1 5 0 1 5 0 1 5 0 1 5 0
9 3878 10 4586 7 3812 8 2704 9 3218 9 4800 8 19 23 25 6642 7603 7923 8115 9 21 24 27 3505 9775 11865 13119 0 0 0 0 0 0 0 0 0 0 0 0 1 5 0 1 5 0 1 5 0 1 5 0
7 4911 10 3179 8 4220 9 3505 4 3234 6 1736 9 13 14 15 6642 8548 9184 9565 13 18 20 21 3641 4884 5299 5548 0 0 0 0 0 0 0 0 0 0 0 0 1 5 0 1 5 0 1 5 0 1 5 0
7 4898 10 3130 8 4220 9 3505 5 3238 7 1752 9 13 14 15 6642 8548 9184 9565 13 18 20 21 3641 4884 5299 5548 0 0 0 0 0 0 0 0 0 0 0 0 1 5 0 1 5 0 1 5 0 1 5 0
5 2428 19 20208 4 3750 6 2459 5 1925 28 37148 9 12 13 13 4018 4139 4179 4203 13 50 63 70 3641 58132 76296 87194 0 0 0 0 0 0 0 0 0 0 0 0 1 5 0 1 5 0 1 5 0 1 5 0
9 4832 54 65466 10 3750 76 94460 5 4431 42 53162 14 15 16 16 4018 9554 11399 12506 88 95 98 99 107330 116691 119811 121683 0 0 0 0 0 0 0 0 0 0 0 0 1 5 0 1 5 0 1 5 0 1 5 0
10 4644 76 94873 10 3057 76 94460 4 4411 17 19877 14 15 16 16 4018 9554 11399 12506 88 95 98 99 107330 116691 119811 121683 0 0 0 0 0 0 0 0 0 0 0 0 1 5 0 1 5 0 1 5 0 1 5 0
7 2031 68 84937 6 1607 64 85519 3 1357 43 54595 10 10 10 10 3057 3638 3832 3948 88 115 124 130 107330 143384 155402 162612 0 0 0 0 0 0 0 0 0 0 0 0 1 5 0 1 5 0 1 5 0 1 5 0
6 2861 76 95725 7 2408 65 85519 2 2182 45 59670 8 9 10 10 4026 5453 5929 6214 114 126 130 132 150609 160695 164057 166075 0 0 0 0 0 0 0 0 0 0 0 0 1 5 0 1 5 0 1 5 0 1 5 0
7 3143 61 75641 7 2408 65 74788 3 2347 36 48224 8 11 12 12 5294 5960 6182 6316 75 98 106 110 89074 125995 138302 145686 0 0 0 0 0 0 0 0 0 0 0 0 1 5 0 1 5 0 1 5 0 1 5 0
8 3904 64 80353 8 5086 65 85479 2 2119 8 9936 10 11 12 12 5294 5960 6182 6316 71 73 74 74 88982 89037 89055 89066 0 0 0 0 0 0 0 0 0 0 0 0 1 5 0 1 5 0 1 5 0 1 5 0
11 5311 75 93752 10 5086 68 85479 6 3607 25 28522 11 18 21 22 8658 9509 9793 9963 71 102 113 119 88982 124376 136174 143253 0 0 0 0 0 0 0 0 0 0 0 0 1 5 0 1 5 0 1 5 0 1 5 0
15 5372 101 127435 16 3596 76 87575 6 3384 42 58233 20 22 23 23 8658 9509 9793 9963 124 154 164 170 147973 199148 216206 226441 0 0 0 0 0 0 0 0 0 0 0 0 1 5 0 1 5 0 1 5 0 1 5 0
10 3422 64 80961 11 3236 68 82886 7 3644 63 85063 16 18 19 19 3596 7484 8780 9558 76 135 155 167 87575 174989 204126 221609 0 0 0 0 0 0 0 0 0 0 0 0 1 5 0 1 5 0 1 5 0 1 5 0
7 2377 51 63995 5 3236 9 1805 6 1929 66 90516 8 15 17 19 3629 4341 4579 4721 68 132 153 166 83827 173489 203377 221309 0 0 0 0 0 0 0 0 0 0 0 0 1 5 0 1 5 0 1 5 0 1 5 0
4 2012 30 34858 5 1426 9 1805 2 1906 32 41707 7 7 7 7 3629 4341 4579 4721 68 69 70 70 83827 86324 87157 87656 0 0 0 0 0 0 1 1 0 1 1 0 1 5 0 1 5 0 1 4 0 1 4 0
7 4065 42 48614 5 3817 66 67666 5 3464 31 38843 7 13 14 16 4817 8012 9077 9716 68 69 70 70 83827 86324 87157 87656 0 0 0 0 0 0 1 1 0 1 1 0 1 5 0 1 5 0 2 2 0 2 2 0
9 4646 55 64105 10 3817 61 67666 5 3380 50 63566 13 15 16 16 6277 8596 9369 9832 66 111 125 135 74186 134726 154906 167014 0 0 0 0 0 0 1 1 0 1 1 0 1 5 0 1 5 0 1 4 0 1 4 0
8 3709 67 81690 10 3817 61 74186 3 1582 42 54904 11 12 12 12 4123 5415 5846 6104 67 111 126 135 86816 139778 157432 168025 0 0 0 0 0 0 0 0 0 0 0 0 1 5 0 1 5 0 1 5 0 1 5 0
8 3984 66 80354 10 2867 64 80650 3 3279 7 8181 11 12 13 13 4123 7773 8990 9720 67 74 77 78 86816 89532 90437 90980 0 0 0 0 0 0 0 0 0 0 0 0 1 5 0 1 5 0 1 5 0 1 5 0
7 3411 77 96594 4 1464 67 86816 4 3449 21 27896 10 12 13 13 2858 7267 8737 9619 80 103 111 115 91343 127154 139091 146254 0 0 0 0 0 0 0 0 0 0 0 0 1 5 0 1 5 0 1 5 0 1 5 0
8 4854 76 93812 10 2858 67 86182 3 3806 22 29881 10 12 13 13 8640 9580 9893 10081 80 103 111 115 91343 127154 139091 146254 0 0 0 0 0 0 0 0 0 0 0 0 1 5 0 1 5 0 1 5 0 1 5 0
9 4491 79 97942 10 5383 67 85828 3 2844 31 40287 12 13 13 13 5865 7530 8085 8418 71 113 126 135 86182 140788 158990 169911 0 0 0 0 0 0 0 0 0 0 0 0 1 5 0 1 5 0 1 5 0 1 5 0
11 5781 91 111789 12 5865 71 85828 3 2059 32 46712 14 14 14 14 6704 7865 8252 8485 121 133 137 139 158852 169856 173524 175724 0 0 0 0 0 0 0 0 0 0 0 0 1 5 0 1 5 0 1 5 0 1 5 0
10 4681 89 110588 13 5383 71 86004 4 1829 25 37363 14 14 14 14 6304 6544 6624 6672 121 121 121 121 152559 156334 157593 158348 0 0 0 0 0 0 0 0 0 0 0 0 1 5 0 1 5 0 1 5 0 1 5 0
7 3005 98 125685 6 2506 121 152559 3 1729 31 42177 8 11 12 12 2704 4864 5583 6016 121 125 127 128 158852 163704 165322 166292 0 0 0 0 0 0 0 0 0 0 0 0 1 5 0 1 5 0 1 5 0 1 5 0
7 3788 110 141828 8 3808 121 152559 3 1813 73 97390 9 11 12 12 5124 5832 6068 6209 129 190 211 223 166940 249039 276405 292825 0 0 0 0 0 0 0 0 0 0 0 0 1 5 0 1 5 0 1 5 0 1 5 0
11 5618 95 120977 9 5124 84 95936 7 3414 73 97075 17 20 21 21 6463 9483 10490 11094 92 176 203 220 119310 229987 266879 289015 0 0 0 0 0 0 0 0 0 0 0 0 1 5 0 1 5 0 1 5 0 1 5 0
10 5120 42 47838 7 3808 19 21797 7 3775 37 49948 17 20 21 21 6463 9483 10490 11094 84 88 90 91 95936 109960 114635 117440 0 0 0 0 0 0 0 0 0 0 0 0 1 5 0 1 5 0 1 5 0 1 5 0
8 3678 25 25758 7 3810 9 3139 5 2044 33 46793 9 13 15 16 4286 5592 6027 6288 11 59 75 85 4193 73263 96286 110100 0 0 0 0 0 0 0 0 0 0 0 0 1 5 0 1 5 0 1 5 0 1 5 0
5 3151 7 2578 7 3810 8 3139 3 1587 3 1366 7 8 8 8 3935 4145 4215 4257 9 10 10 10 3443 3893 4043 4133 1 1 0 1 1 0 0 0 0 0 0 0 1 4 0 1 4 0 1 5 0 1 5 0
6 4235 7 3111 7 3935 8 3443 3 2887 4 1669 9 10 10 10 4286 7166 8125 8702 11 12 12 12 4193 4802 5005 5127 1 1 0 1 1 0 0 0 0 0 0 0 2 2 0 2 2 0 1 5 0 1 5 0
31 4798 52 49557 11 4768 12 4448 47 2981 88 92946 13 80 103 116 6269 7959 8522 8860 13 143 186 212 5209 143335 189376 217002 1 1 0 1 1 0 0 0 0 0 0 0 1 4 0 1 4 0 1 5 0 1 5 0
32 4981 53 49573 12 4768 12 4448 47 1884 88 92936 13 80 103 116 6269 7140 7431 7605 14 143 186 212 5110 143295 189357 216994 0 0 0 0 0 0 0 0 0 0 0 0 1 5 0 1 5 0 1 5 0 1 5 0
30 5069 52 49289 6 5274 7 3161 47 1892 88 93076 12 80 103 116 6269 7140 7431 7605 14 143 186 212 5110 143295 189357 216994 0 0 0 0 0 0 0 0 0 0 0 0 1 5 0 1 5 0 1 5 0 1 5 0
11 3550 12 4077 6 3804 7 2242 10 1632 9 4302 13 24 28 30 5252 5265 5269 5272 14 23 26 28 3161 8772 10643 11765 0 0 0 0 0 0 0 0 0 0 0 0 1 5 0 1 5 0 1 5 0 1 5 0
54 4373 123 152633 32 5252 30 12514 49 1792 132 184883 86 116 125 132 5440 5909 6066 6160 244 290 305 314 304532 386414 413708 430085 0 0 0 0 0 0 0 0 0 0 0 0 1 5 0 1 5 0 1 5 0 1 5 0
133 8590 205 267139 86 5440 244 304532 109 7356 123 173580 136 259 300 325 6223 16370 19752 21782 321 331 335 337 441003 447597 449795 451114 0 0 0 0 0 0 0 0 0 0 0 0 1 5 0 1 5 0 1 5 0 1 5 0
208 10958 249 335008 244 9832 247 329322 94 7089 86 117341 247 304 323 334 13487 19275 21205 22363 321 331 335 337 441003 447597 449795 451114 0 0 0 0 0 0 0 0 0 0 0 0 1 5 0 1 5 0 1 5 0 1 5 0
279 14521 280 376443 264 13487 265 362765 36 4765 36 48479 299 324 333 338 15542 20097 21616 22527 304 325 332 336 411063 435621 443807 448719 0 0 0 0 0 0 0 0 0 0 0 0 1 5 0 1 5 0 1 5 0 1 5 0
229 12430 236 318361 247 13487 246 329322 52 3241 47 66358 264 285 292 296 15478 15516 15529 15536 265 288 296 300 362765 391743 401403 407199 0 0 0 0 0 0 0 0 0 0 0 0 1 5 0 1 5 0 1 5 0 1 5 0
154 10033 403 549700 166 10895 304 411063 88 5429 227 317023 169 247 273 288 15478 15516 15529 15536 615 685 708 722 835964 942076 977447 998669 0 0 0 0 0 0 0 0 0 0 0 0 1 5 0 1 5 0 1 5 0 1 5 0
110 9895 475 647710 109 10895 493 674314 50 5306 190 267411 163 164 165 165 14892 15243 15360 15431 615 685 708 722 835964 942076 977447 998669 0 0 0 0 0 0 0 0 0 0 0 0 1 5 0 1 5 0 1 5 0 1 5 0
63 5655 498 683476 30 4350 493 674314 55 5134 135 191346 85 131 147 156 6991 11731 13311 14259 532 652 692 716 733892 901247 957032 990503 0 0 0 0 0 0 0 0 0 0 0 0 1 5 0 1 5 0 1 5 0 1 5 0
40 5513 471 645783 20 4413 478 649360 27 3369 45 63565 58 74 79 82 6991 9391 10191 10671 493 516 524 528 674314 710060 721976 729125 0 0 0 0 0 0 0 0 0 0 0 0 1 5 0 1 5 0 1 5 0 1 5 0
27 4271 468 643218 20 4413 478 649360 15 3741 73 100348 20 42 50 54 4449 8374 9682 10467 532 535 536 536 733892 736650 737569 738121 0 0 0 0 0 0 0 0 0 0 0 0 1 5 0 1 5 0 1 5 0 1 5 0
53 5856 552 756468 20 4449 463 632513 54 3606 216 296279 52 116 138 151 8884 10067 10461 10698 537 794 880 931 738489 1088575 1205271 1275288 0 0 0 0 0 0 0 0 0 0 0 0 1 5 0 1 5 0 1 5 0 1 5 0
58 6324 508 691488 40 5758 480 646488 52 3242 277 381850 52 116 138 151 8884 10067 10461 10698 537 794 880 931 738489 1088575 1205271 1275288 0 0 0 0 0 0 0 0 0 0 0 0 1 5 0 1 5 0 1 5 0 1 5 0
34 4879 433 590143 32 4891 480 646488 11 3468 175 243801 40 47 49 51 5758 8816 9836 10448 532 571 584 591 728717 786495 805755 817311 0 0 0 0 0 0 0 0 0 0 0 0 1 5 0 1 5 0 1 5 0 1 5 0
32 4647 510 696054 32 4891 493 674522 5 3295 50 75911 36 38 39 39 5758 8366 9236 9758 532 571 584 591 728717 786495 805755 817311 0 0 0 0 0 0 0 0 0 0 0 0 1 5 0 1 5 0 1 5 0 1 5 0
26 3575 475 651121 24 1261 476 658357 6 3607 36 50245 32 34 35 35 4891 8020 9063 9688 493 516 524 528 674522 707039 717878 724381 0 0 0 0 0 0 0 0 0 0 0 0 1 5 0 1 5 0 1 5 0 1 5 0
25 4226 483 662432 23 1012 476 658357 6 4138 43 60755 30 33 34 35 8395 9421 9763 9969 522 535 539 542 712143 733447 740549 744810 0 0 0 0 0 0 0 0 0 0 0 0 1 5 0 1 5 0 1 5 0 1 5 0
27 3819 488 664707 26 2298 476 658357 5 3044 38 58097 30 33 34 35 6449 7616 8005 8239 522 535 539 542 712143 733447 740549 744810 0 0 0 0 0 0 0 0 0 0 0 0 1 5 0 1 5 0 1 5 0 1 5 0
28 4351 496 672853 26 4583 463 621336 5 2416 52 79758 33 34 35 35 6449 7027 7220 7335 544 562 568 572 747651 772996 781445 786514 0 0 0 0 0 0 0 0 0 0 0 0 1 5 0 1 5 0 1 5 0 1 5 0
24 3914 460 627869 25 4326 448 605401 4 2201 61 84574 26 30 31 32 4583 6281 6847 7186 463 530 552 566 621336 722470 756182 776409 0 0 0 0 0 0 0 0 0 0 0 0 1 5 0 1 5 0 1 5 0 1 5 0
20 2728 467 641195 22 3210 435 601326 4 1675 65 88488 22 23 24 24 4326 4480 4531 4562 508 548 561 569 692043 750753 770323 782065 0 0 0 0 0 0 0 0 0 0 0 0 1 5 0 1 5 0 1 5 0 1 5 0
18 3780 469 642998 18 3210 446 605349 3 2872 54 74602 21 21 21 21 4326 7095 8017 8571 508 536 545 551 692043 734355 748459 756922 0 0 0 0 0 0 0 0 0 0 0 0 1 5 0 1 5 0 1 5 0 1 5 0
17 4874 384 523460 18 3210 446 605349 4 3853 151 210861 21 21 21 21 8941 9552 9756 9878 508 536 545 551 692043 734355 748459 756922 0 0 0 0 0 0 0 0 0 0 0 0 1 5 0 1 5 0 1 5 0 1 5 0
14 4705 227 305945 13 1856 161 207349 4 4575 175 246214 18 19 20 20 9960 10335 10460 10535 253 434 494 530 349998 597537 680050 729558 0 0 0 0 0 0 0 0 0 0 0 0 1 5 0 1 5 0 1 5 0 1 5 0
15 6331 147 191989 16 6139 109 137419 3 3662 81 115313 18 18 18 18 9960 10335 10460 10535 161 243 270 287 207349 326674 366449 390314 0 0 0 0 0 0 0 0 0 0 0 0 1 5 0 1 5 0 1 5 0 1 5 0
11 2339 141 190229 12 723 109 137419 5 2415 99 137706 16 17 18 18 4252 5384 5761 5988 196 257 277 289 270556 351957 379091 395371 0 0 0 0 0 0 0 0 0 0 0 0 1 5 0 1 5 0 1 5 0 1 5 0
10 3096 65 82641 10 4032 11 2862 5 2392 76 107439 12 16 17 18 4729 5575 5857 6026 109 161 178 189 136555 216955 243755 259835 0 0 0 0 0 0 0 0 0 0 0 0 1 5 0 1 5 0 1 5 0 1 5 0
7 3707 8 2617 9 4226 10 2842 2 1868 3 1282 9 9 9 9 4729 5161 5305 5392 11 11 11 11 2862 3780 4086 4270 0 0 0 0 0 0 0 0 0 0 0 0 1 5 0 1 5 0 1 5 0 1 5 0
8 4312 9 3142 8 4032 10 2842 1 580 1 695 9 9 9 9 4226 4960 5205 5352 11 11 11 11 3380 3987 4190 4311 0 0 0 0 0 0 0 0 0 0 0 0 1 5 0 1 5 0 1 5 0 1 5 0
10 4338 11 4567 8 3987 8 2599 9 2713 10 5026 9 21 24 27 5450 7212 7800 8152 11 23 26 29 3380 9967 12163 13480 1 1 0 1 1 0 1 1 0 1 1 0 1 4 0 1 4 0 1 4 0 1 4 0
10 4315 11 4625 8 3987 11 3380 10 3945 11 5285 13 22 25 27 8388 8877 9040 9137 14 24 27 29 5387 10770 12564 13641 1 2 0 1 2 0 1 2 0 1 2 0 2 1 0 2 1 0 2 1 0 2 1 0
5 2771 6 2024 7 718 8 1411 5 3529 5 2076 9 11 12 12 3936 7096 8149 8781 9 12 13 13 3324 4561 4974 5221 1 2 0 1 2 0 1 2 0 1 2 0 1 3 0 1 3 0 1 3 0 1 3 0
8 4394 9 3494 8 3936 9 3324 2 2724 2 1374 9 11 12 12 4204 7203 8203 8803 10 12 13 13 4522 5041 5214 5317 0 0 0 0 0 0 0 0 0 0 0 0 1 5 0 1 5 0 1 5 0 1 5 0
8 4346 9 3420 8 3912 9 3190 1 2664 1 1314 9 9 9 9 4204 7096 8060 8639 10 11 12 12 4522 4898 5023 5098 0 0 0 0 0 0 0 0 0 0 0 0 1 5 0 1 5 0 1 5 0 1 5 0
9 5325 11 4909 7 3912 8 3190 6 2041 6 2965 10 16 18 20 6070 7843 8434 8788 13 19 21 22 5149 8408 9495 10147 0 0 0 0 0 0 0 0 0 0 0 0 1 5 0 1 5 0 1 5 0 1 5 0
7 3767 7 3314 4 3872 6 2799 7 2069 8 3874 6 15 17 19 5145 5700 5885 5996 8 17 19 21 3190 7625 9103 9990 1 1 0 1 1 0 1 2 0 1 2 0 2 2 1 2 2 1 1 3 0 1 3 0
8 3829 8 3619 6 4057 7 2665 7 2072 8 3926 9 16 18 20 5145 5700 5885 5996 12 18 20 22 4849 8288 9435 10123 1 1 0 1 1 0 1 2 0 1 2 0 2 2 1 2 2 1 2 1 0 2 1 0
7 4210 7 2504 6 4057 7 2665 2 476 4 1581 9 10 10 10 4099 4726 4935 5061 11 11 11 11 3100 4149 4499 4709 0 0 0 0 0 0 1 1 0 1 1 0 1 5 0 1 5 0 1 4 0 1 4 0
9 5572 10 3860 11 4099 11 3100 3 2145 3 1967 11 12 13 13 6740 8261 8768 9072 13 13 13 13 4097 6158 6845 7258 0 0 0 0 0 0 0 0 0 0 0 0 1 5 0 1 5 0 1 5 0 1 5 0
9 6016 9 3369 11 6740 12 3310 5 3724 5 2504 14 14 14 14 9275 9825 10009 10119 13 13 13 13 4097 6158 6845 7258 1 1 0 1 1 0 1 1 0 1 1 0 1 4 0 1 4 0 1 4 0 1 4 0
7 4687 6 2704 7 3929 7 2638 6 4370 5 2760 14 14 14 14 9275 9825 10009 10119 12 13 13 13 3310 5843 6688 7195 1 1 0 1 1 0 1 1 0 1 1 0 2 2 0 2 2 0 2 2 0 2 2 0
5 2735 5 1810 7 3929 6 2294 4 2262 4 1580 7 9 10 10 4377 4948 5139 5253 7 10 11 11 2638 3503 3792 3965 1 1 0 1 1 0 1 1 0 1 1 0 1 4 0 1 4 0 1 4 0 1 4 0
7 3553 6 2446 7 4130 7 2638 3 1840 3 1364 10 10 10 10 4377 4948 5139 5253 9 10 11 11 3218 3735 3908 4011 1 1 0 1 1 0 1 1 0 1 1 0 2 2 1 2 2 1 2 2 1 2 2 1
9 4598 9 3626 10 4377 10 4081 6 3119 5 2076 11 15 17 18 4670 7757 8786 9404 12 15 16 17 4516 5596 5956 6172 1 1 0 1 1 0 1 1 0 1 1 0 2 2 1 2 2 1 2 2 1 2 2 1
7 3735 7 2832 9 4130 9 3218 6 3618 6 2472 10 15 17 18 4670 7757 8786 9404 10 14 16 17 4516 5596 5956 6172 1 1 0 1 1 0 1 1 0 1 1 0 2 2 1 2 2 1 2 2 1 2 2 1
4 1975 3 1285 0 0 0 0 7 3920 7 2516 1 11 15 17 61 5914 7864 9035 1 11 14 16 111 3834 5075 5820 2 1 0 2 1 0 2 1 0 2 1 0 2 1 0 2 1 0 2 1 0 2 1 0
4 2650 4 1395 1 61 1 111 6 3674 5 1949 5 11 13 15 3804 7155 8272 8942 4 10 12 14 1831 3754 4395 4780 1 2 0 1 2 0 1 2 0 1 2 0 2 1 0 2 1 0 2 1 0 2 1 0
6 2795 6 1863 5 625 4 1831 5 3576 5 1823 7 12 14 15 3804 7155 8272 8942 8 12 13 14 2290 3938 4487 4817 1 1 0 1 1 0 1 1 0 1 1 0 1 4 0 1 4 0 1 4 0 1 4 0
8 3773 9 2553 6 3804 7 2290 7 3663 7 1817 7 16 19 21 3865 7795 9104 9891 8 17 20 22 2747 4543 5142 5501 0 0 0 0 0 0 0 0 0 0 0 0 1 5 0 1 5 0 1 5 0 1 5 0
6 2887 6 1729 3 159 3 159 8 4043 8 2261 6 16 19 21 3865 7795 9104 9891 7 17 20 22 2747 4543 5142 5501 1 2 0 1 2 0 1 2 0 1 2 0 1 3 0 1 3 0 1 3 0 1 3 0
8 3893 9 3009 9 4261 9 2805 8 3841 9 2749 11 18 20 22 4791 8165 9290 9965 14 20 22 23 5741 6197 6349 6440 1 2 0 1 2 0 1 2 0 1 2 0 2 1 0 2 1 0 2 1 0 2 1 0
5 2876 6 2379 7 4261 6 2257 4 2372 5 2325 9 10 10 10 4791 5113 5220 5285 9 12 13 13 2805 5022 5761 6205 2 1 0 2 1 0 1 1 0 1 1 0 1 3 0 1 3 0 1 4 0 1 4 0
7 4357 8 3299 8 4791 9 2841 4 2500 4 2094 11 11 11 11 5328 6736 7206 7488 10 12 13 13 4566 5727 6114 6346 1 1 0 1 1 0 0 0 0 0 0 0 2 2 0 2 2 0 1 5 0 1 5 0
8 5093 8 3628 8 5397 10 3450 4 2994 4 2164 11 12 12 12 7676 8109 8253 8340 10 12 13 13 4566 5997 6474 6761 1 1 0 1 1 0 0 0 0 0 0 0 1 4 0 1 4 0 1 5 0 1 5 0
10 6272 10 4263 8 5397 10 3468 3 2337 2 1451 13 14 14 14 8398 9145 9394 9543 12 13 13 13 4566 5997 6474 6761 0 0 0 0 0 0 0 0 0 0 0 0 1 5 0 1 5 0 1 5 0 1 5 0
8 5343 8 3744 7 3932 8 2879 3 2227 1 1627 8 12 13 14 5397 7944 8793 9303 10 11 11 11 3468 5558 6255 6673 0 0 0 0 0 0 0 0 0 0 0 0 1 5 0 1 5 0 1 5 0 1 5 0
9 5882 9 3648 7 3932 7 2776 4 2553 4 1759 11 14 15 16 7669 9108 9588 9876 8 14 16 18 2879 5451 6308 6823 0 0 0 0 0 0 0 0 0 0 0 0 1 5 0 1 5 0 1 5 0 1 5 0
7 4359 8 3158 6 3872 7 2776 6 4004 6 2296 11 14 15 16 7669 9108 9588 9876 7 14 16 18 3132 5552 6359 6843 1 1 0 1 1 0 1 1 0 1 1 0 1 4 0 1 4 0 1 4 0 1 4 0
6 4174 6 2175 8 3996 7 2776 4 3715 3 1154 10 10 10 10 7669 8479 8749 8911 8 9 9 9 2966 3065 3098 3118 1 1 0 1 1 0 1 1 0 1 1 0 2 2 0 2 2 0 2 2 0 2 2 0
6 4229 7 3186 8 3996 8 2966 4 3210 4 2127 10 10 10 10 6368 7958 8488 8806 10 13 14 14 4986 5581 5779 5898 1 1 0 1 1 0 1 1 0 1 1 0 1 4 0 1 4 0 1 4 0 1 4 0
12 5142 27 23269 10 5944 15 5978 9 2644 26 27715 11 23 26 29 6368 7958 8488 8806 29 59 68 75 26366 56175 66112 72074 0 0 0 0 0 0 0 0 0 0 0 0 1 5 0 1 5 0 1 5 0 1 5 0
12 4665 26 22976 10 3864 14 5028 10 2642 27 27911 12 23 27 29 5944 7861 8500 8883 29 59 68 75 26366 56175 66112 72074 0 0 0 0 0 0 0 0 0 0 0 0 1 5 0 1 5 0 1 5 0 1 5 0
11 4565 21 17119 6 3880 6 2452 10 2987 29 29508 12 23 27 29 5944 7861 8500 8883 14 53 65 73 5028 47640 61844 70367 1 1 0 1 1 0 1 1 0 1 1 0 1 4 0 1 4 0 1 4 0 1 4 0
7 4075 15 12353 6 3880 12 5028 5 3483 15 15634 12 14 15 15 6684 8157 8648 8942 14 33 39 43 12151 30373 36447 40092 1 1 0 1 1 0 1 1 0 1 1 0 2 2 0 2 2 0 2 2 0 2 2 0
4 1495 12 11045 2 123 3 555 6 2605 17 16407 3 10 13 14 672 4279 5481 6203 12 32 39 43 12151 30373 36447 40092 2 1 0 2 1 0 2 1 0 2 1 0 2 1 0 2 1 0 2 1 0 2 1 0
3 1655 6 3238 2 123 3 555 3 2893 5 4594 3 7 9 10 672 4722 6071 6882 12 13 13 13 3151 8551 10350 11431 1 1 0 1 1 0 1 1 0 1 1 0 2 2 1 2 2 1 2 2 1 2 2 1
7 3407 13 9725 8 2124 9 3151 5 3315 13 15306 11 12 13 13 7308 7376 7399 7412 14 29 33 37 4403 25871 33026 37320 0 0 0 0 0 0 0 0 0 0 0 0 1 5 0 1 5 0 1 5 0 1 5 0
12 3127 18 12158 9 2124 9 4403 10 2826 16 14912 14 24 27 29 5526 6595 6951 7165 39 39 39 39 14678 29981 35081 38142 0 0 0 0 0 0 0 0 0 0 0 0 1 5 0 1 5 0 1 5 0 1 5 0
12 2690 18 12036 9 2124 10 4124 10 2284 16 14994 14 24 27 29 5183 5388 5457 5498 39 39 39 39 14678 29981 35081 38142 1 1 0 1 1 0 1 1 0 1 1 0 2 2 1 2 2 1 2 2 1 2 2 1
5 1622 29 35847 6 619 5 1196 3 1957 51 69050 9 9 9 9 2248 4009 4595 4948 10 83 107 122 4124 105999 139957 160332 1 1 0 1 1 0 2 1 0 2 1 0 2 2 1 2 2 1 2 1 0 2 1 0
16 14746 44 44528 9 5183 29 4124 16 22548 47 66581 19 35 41 44 6630 38418 49014 55372 49 98 115 125 42567 121376 147646 163408 0 0 0 0 0 0 1 1 0 1 1 0 1 5 0 1 5 0 2 2 0 2 2 0
13 13284 16 8944 2 119 2 119 18 23302 19 16829 19 35 41 44 6630 38418 49014 55372 29 41 45 47 2037 26355 34460 39324 1 1 0 1 1 0 2 1 0 2 1 0 1 4 0 1 4 0 1 3 0 1 3 0
11 12204 13 7994 2 119 2 119 18 23708 15 14930 6 30 38 43 1291 36283 47946 54945 29 32 33 33 2037 23503 30659 34952 1 2 0 1 2 0 1 2 0 1 2 0 2 1 0 2 1 0 2 1 0 2 1 0
1 258 6 7563 0 0 0 0 2 516 13 15126 0 3 4 5 0 774 1032 1187 0 20 27 31 0 22689 30251 34789 2 2 0 2 2 0 2 2 0 2 2 0 1 1 0 1 1 0 1 1 0 1 1 0
1 258 6 7563 0 0 0 0 2 516 13 15126 0 3 4 5 0 774 1032 1187 0 20 27 31 0 22689 30251 34789 1 4 0 1 4 0 1 4 0 1 4 0 1 1 0 1 1 0 1 1 0 1 1 0
0 23 0 23 0 0 0 0 0 47 0 47 0 1 1 1 0 71 95 109 0 1 1 1 0 71 95 109 1 4 0 1 4 0 1 4 0 1 4 0 1 1 0 1 1 0 1 1 0 1 1 0
0 47 0 47 0 0 0 0 0 58 0 58 2 2 2 2 119 119 119 119 2 2 2 2 119 119 119 119 2 1 0 2 1 0 2 1 0 2 1 0 2 1 0 2 1 0 2 1 0 2 1 0
3 2654 2 173 2 119 2 119 4 5131 2 173 2 8 9 11 119 7797 10357 11893 2 5 5 6 119 352 430 476 1 1 0 1 1 0 1 1 0 1 1 0 2 2 1 2 2 1 2 2 1 2 2 1
3 2631 2 149 2 119 2 119 4 5143 2 187 2 8 9 11 119 7797 10357 11893 2 5 5 6 119 352 430 476 1 2 0 1 2 0 1 2 0 1 2 0 1 3 0 1 3 0 1 3 0 1 3 0
2 2583 1 101 0 0 0 0 4 5166 2 203 0 7 9 11 0 7750 10333 11883 0 4 5 6 0 304 406 467 1 4 0 1 4 0 1 4 0 1 4 0 1 1 0 1 1 0 1 1 0 1 1 0
0 0 0 0 0 0 0 0 0 0 0 0 0 0 0 0 0 0 0 0 0 0 0 0 0 0 0 0 1 5 0 1 5 0 1 5 0 1 5 0 0 0 0 0 0 0 0 0 0 0 0 0
0 0 0 0 0 0 0 0 0 0 0 0 0 0 0 0 0 0 0 0 0 0 0 0 0 0 0 0 1 5 0 1 5 0 1 5 0 1 5 0 0 0 0 0 0 0 0 0 0 0 0 0
0 0 0 0 0 0 0 0 0 0 0 0 0 0 0 0 0 0 0 0 0 0 0 0 0 0 0 0 1 5 0 1 5 0 1 5 0 1 5 0 0 0 0 0 0 0 0 0 0 0 0 0
0 0 0 0 0 0 0 0 0 0 0 0 0 0 0 0 0 0 0 0 0 0 0 0 0 0 0 0 1 5 0 1 5 0 1 5 0 1 5 0 0 0 0 0 0 0 0 0 0 0 0 0
1 584 1 120 0 0 0 0 2 1169 2 240 0 3 3 4 0 1754 2339 2690 0 3 3 4 0 360 479 552 2 2 1 2 2 1 2 2 1 2 2 1 1 1 0 1 1 0 1 1 0 1 1 0
1 584 1 120 0 0 0 0 2 1169 2 240 0 3 3 4 0 1754 2339 2690 0 3 3 4 0 360 479 552 2 2 1 2 2 1 2 2 1 2 2 1 1 1 0 1 1 0 1 1 0 1 1 0
0 0 0 0 0 0 0 0 0 0 0 0 0 0 0 0 0 0 0 0 0 0 0 0 0 0 0 0 1 5 0 1 5 0 1 5 0 1 5 0 0 0 0 0 0 0 0 0 0 0 0 0
0 0 0 0 0 0 0 0 0 0 0 0 0 0 0 0 0 0 0 0 0 0 0 0 0 0 0 0 1 5 0 1 5 0 1 5 0 1 5 0 0 0 0 0 0 0 0 0 0 0 0 0
0 0 0 0 0 0 0 0 0 0 0 0 0 0 0 0 0 0 0 0 0 0 0 0 0 0 0 0 1 5 0 1 5 0 1 5 0 1 5 0 0 0 0 0 0 0 0 0 0 0 0 0
1 387 1 142 0 0 0 0 2 774 2 284 0 4 5 6 0 1161 1547 1780 0 4 5 6 0 427 569 655 1 4 0 1 4 0 1 4 0 1 4 0 1 1 0 1 1 0 1 1 0 1 1 0
1 387 1 142 0 0 0 0 2 774 2 284 0 4 5 6 0 1161 1547 1780 0 4 5 6 0 427 569 655 2 2 0 2 2 0 2 2 0 2 2 0 1 1 0 1 1 0 1 1 0 1 1 0
1 387 1 142 0 0 0 0 2 774 2 284 0 4 5 6 0 1161 1547 1780 0 4 5 6 0 427 569 655 1 4 0 1 4 0 1 4 0 1 4 0 1 1 0 1 1 0 1 1 0 1 1 0
0 0 0 0 0 0 0 0 0 0 0 0 0 0 0 0 0 0 0 0 0 0 0 0 0 0 0 0 1 5 0 1 5 0 1 5 0 1 5 0 0 0 0 0 0 0 0 0 0 0 0 0
0 0 0 0 0 0 0 0 0 0 0 0 0 0 0 0 0 0 0 0 0 0 0 0 0 0 0 0 1 5 0 1 5 0 1 5 0 1 5 0 0 0 0 0 0 0 0 0 0 0 0 0
0 0 0 0 0 0 0 0 0 0 0 0 0 0 0 0 0 0 0 0 0 0 0 0 0 0 0 0 1 5 0 1 5 0 1 5 0 1 5 0 0 0 0 0 0 0 0 0 0 0 0 0
0 0 0 0 0 0 0 0 0 0 0 0 0 0 0 0 0 0 0 0 0 0 0 0 0 0 0 0 1 5 0 1 5 0 1 5 0 1 5 0 0 0 0 0 0 0 0 0 0 0 0 0
0 23 0 23 0 0 0 0 0 47 0 47 0 1 1 1 0 71 95 109 0 1 1 1 0 71 95 109 1 4 0 1 4 0 1 4 0 1 4 0 1 1 0 1 1 0 1 1 0 1 1 0
0 23 0 23 0 0 0 0 0 47 0 47 0 1 1 1 0 71 95 109 0 1 1 1 0 71 95 109 2 2 0 2 2 0 2 2 0 2 2 0 1 1 0 1 1 0 1 1 0 1 1 0
1 68 1 55 0 0 0 0 1 89 1 69 2 3 3 3 119 181 202 214 2 3 3 3 119 143 151 156 2 1 0 2 1 0 2 1 0 2 1 0 2 1 0 2 1 0 2 1 0 2 1 0
0 44 0 32 0 0 0 0 1 89 1 64 0 2 3 3 0 133 178 205 0 2 3 3 0 96 127 147 2 2 1 2 2 1 2 2 1 2 2 1 1 1 0 1 1 0 1 1 0 1 1 0
0 0 0 0 0 0 0 0 0 0 0 0 0 0 0 0 0 0 0 0 0 0 0 0 0 0 0 0 1 5 0 1 5 0 1 5 0 1 5 0 0 0 0 0 0 0 0 0 0 0 0 0
0 0 0 0 0 0 0 0 0 0 0 0 0 0 0 0 0 0 0 0 0 0 0 0 0 0 0 0 1 5 0 1 5 0 1 5 0 1 5 0 0 0 0 0 0 0 0 0 0 0 0 0
0 44 0 32 0 0 0 0 1 89 1 64 0 2 3 3 0 133 178 205 0 2 3 3 0 96 127 147 1 4 0 1 4 0 1 4 0 1 4 0 1 1 0 1 1 0 1 1 0 1 1 0
2 133 2 96 4 223 4 160 1 109 1 78 4 4 4 4 223 223 223 223 4 4 4 4 160 160 160 160 1 2 0 1 2 0 1 2 0 1 2 0 1 3 0 1 3 0 1 3 0 1 3 0
3 543 3 174 4 223 4 160 1 756 1 125 4 5 5 5 223 1317 1682 1901 4 4 4 4 160 299 345 373 1 1 0 1 1 0 1 1 0 1 1 0 1 4 0 1 4 0 1 4 0 1 4 0
6 1929 9 7404 4 223 4 160 8 2830 14 14534 6 16 19 21 2047 5245 6311 6951 5 25 32 36 392 22040 29255 33585 1 2 0 1 2 0 1 2 0 1 2 0 2 1 0 2 1 0 2 1 0 2 1 0
21 4574 54 62266 16 4190 39 36472 24 4361 70 83120 23 48 57 62 7378 9732 10517 10988 43 131 161 179 51331 154649 189089 209753 1 2 0 1 2 0 1 2 0 1 2 0 1 3 0 1 3 0 1 3 0 1 3 0
27 6856 86 98580 23 7378 58 51331 20 3733 56 73112 27 50 58 62 10173 10850 11076 11211 103 155 173 183 140300 190237 206883 216870 0 0 0 0 0 0 0 0 0 0 0 0 1 5 0 1 5 0 1 5 0 1 5 0
17 5596 90 110457 16 4190 103 140300 9 4509 33 53931 27 28 29 29 10173 11043 11333 11507 118 124 126 128 143545 162921 169380 173255 0 0 0 0 0 0 0 0 0 0 0 0 1 5 0 1 5 0 1 5 0 1 5 0
17 5361 97 119211 12 2142 118 143545 9 4571 39 61375 27 28 29 29 10173 11043 11333 11507 129 135 137 138 175839 181109 182866 183920 0 0 0 0 0 0 0 0 0 0 0 0 1 5 0 1 5 0 1 5 0 1 5 0
19 6666 145 179986 22 7680 139 184623 8 3909 64 78921 26 28 29 29 9769 10882 11253 11475 208 214 216 217 252206 262148 265462 267451 0 0 0 0 0 0 0 0 0 0 0 0 1 5 0 1 5 0 1 5 0 1 5 0
12 4006 114 142315 12 2142 139 184623 10 3973 94 117219 22 24 25 25 7680 8933 9351 9601 208 214 216 217 252206 262148 265462 267451 1 1 0 1 1 0 1 1 0 1 1 0 1 4 0 1 4 0 1 4 0 1 4 0
7 1932 67 83479 4 441 9 5971 9 2928 83 104067 7 18 22 24 1543 5225 6452 7189 118 172 190 200 159221 215012 233608 244767 1 2 0 1 2 0 1 2 0 1 2 0 2 1 0 2 1 0 2 1 0 2 1 0
20 25352 41 40354 7 1543 40 2261 26 37382 43 61379 24 51 60 66 28270 69478 83213 91455 47 89 103 112 40288 111647 135434 149706 1 2 0 1 2 0 1 2 0 1 2 0 1 3 0 1 3 0 1 3 0 1 3 0
21 25614 64 71810 7 1543 47 40288 25 37207 46 72019 24 51 60 66 28270 69478 83213 91455 116 117 117 117 157284 158446 158833 159066 1 1 0 1 1 0 1 1 0 1 1 0 1 4 0 1 4 0 1 4 0 1 4 0
5 5915 32 39514 0 0 0 0 9 11188 45 60917 4 16 19 22 1308 17485 22877 26113 47 88 102 110 40288 110485 133884 147924 1 3 0 1 3 0 1 3 0 1 3 0 1 2 0 1 2 0 1 2 0 1 2 0
0 16 0 16 0 0 0 0 0 32 0 32 0 1 1 1 0 48 63 73 0 1 1 1 0 48 63 73 2 2 1 2 2 1 2 2 1 2 2 1 1 1 0 1 1 0 1 1 0 1 1 0
0 16 0 16 0 0 0 0 0 32 0 32 0 1 1 1 0 48 63 73 0 1 1 1 0 48 63 73 2 2 1 2 2 1 2 2 1 2 2 1 1 1 0 1 1 0 1 1 0 1 1 0
0 0 0 0 0 0 0 0 0 0 0 0 0 0 0 0 0 0 0 0 0 0 0 0 0 0 0 0 1 5 0 1 5 0 1 5 0 1 5 0 0 0 0 0 0 0 0 0 0 0 0 0
0 23 0 23 0 0 0 0 0 47 0 47 0 1 1 1 0 71 95 109 0 1 1 1 0 71 95 109 2 2 1 2 2 1 2 2 1 2 2 1 1 1 0 1 1 0 1 1 0 1 1 0
11 4829 17 3025 2 119 2 119 13 6508 21 3657 27 28 29 29 7559 12905 14687 15757 36 44 47 48 7423 7520 7552 7572 2 1 0 2 1 0 2 1 0 2 1 0 2 1 0 2 1 0 2 1 0 2 1 0
24 15586 28 3957 27 14466 36 3535 18 13254 17 3110 30 45 49 53 16470 30251 34845 37601 39 45 47 49 7423 7520 7552 7572 1 1 0 1 1 0 1 1 0 1 1 0 1 4 0 1 4 0 1 4 0 1 4 0
23 13588 32 12548 17 7559 39 3535 17 13563 18 18906 30 45 49 53 14466 29449 34444 37441 50 50 50 50 7585 33051 41540 46633 0 0 0 0 0 0 0 0 0 0 0 0 1 5 0 1 5 0 1 5 0 1 5 0
8 4539 16 10424 5 2944 5 349 5 5087 17 19805 12 15 16 16 3532 10092 12279 13591 18 37 43 47 1244 30515 40271 46126 0 0 0 0 0 0 0 0 0 0 0 0 1 5 0 1 5 0 1 5 0 1 5 0
7 2780 16 10444 5 3532 7 507 5 1628 17 19795 11 14 15 16 3919 4384 4539 4632 16 36 43 47 1186 30491 40260 46121 0 0 0 0 0 0 0 0 0 0 0 0 1 5 0 1 5 0 1 5 0 1 5 0
9 3519 12 3418 6 3919 7 651 6 2247 9 5568 11 17 19 21 4695 5967 6391 6646 16 24 27 28 1186 9196 11866 13468 0 0 0 0 0 0 0 0 0 0 0 0 1 5 0 1 5 0 1 5 0 1 5 0
8 2747 11 3353 6 1785 6 651 7 2389 10 5604 11 17 19 21 3919 5657 6236 6584 16 24 27 28 1186 9196 11866 13468 0 0 0 0 0 0 0 0 0 0 0 0 1 5 0 1 5 0 1 5 0 1 5 0
3 1137 4 340 3 1268 4 313 1 571 1 183 5 5 5 5 1414 1636 1710 1755 5 5 5 5 369 538 594 628 0 0 0 0 0 0 0 0 0 0 0 0 1 5 0 1 5 0 1 5 0 1 5 0
2 552 2 147 2 80 2 80 1 646 2 152 3 4 4 4 1268 1355 1384 1402 4 4 4 4 288 336 352 362 1 2 0 1 2 0 1 2 0 1 2 0 1 3 0 1 3 0 1 3 0 1 3 0
0 282 0 57 0 0 0 0 1 565 1 115 0 1 2 2 0 848 1131 1300 0 2 3 3 0 172 230 264 1 4 0 1 4 0 1 4 0 1 4 0 1 1 0 1 1 0 1 1 0 1 1 0
0 245 0 62 0 0 0 0 1 490 1 125 0 2 3 3 0 735 980 1127 0 2 3 3 0 187 250 287 2 2 1 2 2 1 2 2 1 2 2 1 1 1 0 1 1 0 1 1 0 1 1 0
6 4518 8 586 4 1226 4 313 7 5064 11 774 10 16 18 19 10137 10791 11009 11140 7 21 26 29 539 1464 1773 1958 2 1 0 2 1 0 2 1 0 2 1 0 2 1 0 2 1 0 2 1 0 2 1 0
16 6632 76 88439 10 10137 31 2082 15 4821 85 111744 20 35 40 43 10244 10834 11031 11149 124 182 202 214 170167 229711 249558 261467 1 1 0 1 1 0 1 1 0 1 1 0 1 4 0 1 4 0 1 4 0 1 4 0
17 6154 90 104820 13 7750 76 82445 15 4562 77 103346 20 35 40 43 10244 10834 11031 11149 124 182 202 214 170167 229711 249558 261467 1 1 0 1 1 0 1 1 0 1 1 0 2 2 1 2 2 1 2 2 1 2 2 1
17 4700 79 92574 11 2481 76 82445 20 4370 66 80305 13 39 48 53 7750 10131 10925 11401 124 157 168 175 170167 186845 192405 195741 1 1 0 1 1 0 1 1 0 1 1 0 2 2 1 2 2 1 2 2 1 2 2 1
20 5444 83 92050 11 3189 76 82445 18 3737 65 79539 13 39 48 53 7750 10131 10925 11401 132 160 170 176 166913 185544 191754 195480 0 0 0 0 0 0 0 0 0 0 0 0 1 5 0 1 5 0 1 5 0 1 5 0
18 3988 155 197392 9 2085 143 192803 19 3916 96 136488 10 38 47 53 3189 8307 10012 11036 180 258 284 300 197965 336376 382512 410195 0 0 0 0 0 0 0 0 0 0 0 0 1 5 0 1 5 0 1 5 0 1 5 0
9 2020 241 326598 9 1909 143 192803 2 634 192 268690 9 11 12 12 2059 2737 2963 3098 311 474 529 562 428650 652861 727598 772441 0 0 0 0 0 0 0 0 0 0 0 0 1 5 0 1 5 0 1 5 0 1 5 0
9 1506 222 302540 8 1909 143 192803 5 743 216 300244 13 15 16 16 2059 2087 2096 2102 344 488 536 564 475063 671426 736881 776154 0 0 0 0 0 0 0 0 0 0 0 0 1 5 0 1 5 0 1 5 0 1 5 0
10 6359 233 318279 13 2059 238 313785 8 10612 220 303769 17 20 21 21 2106 17347 22427 25475 344 488 536 564 475063 671426 736881 776154 1 1 0 1 1 0 1 1 0 1 1 0 2 2 1 2 2 1 2 2 1 2 2 1
15 16830 80 100199 2 124 3 212 20 22515 100 129019 22 40 45 49 27508 44914 50715 54197 163 208 223 232 187000 263071 288428 303642 2 1 0 2 1 0 2 1 0 2 1 0 2 1 0 2 1 0 2 1 0 2 1 0
16 17410 82 100371 5 1678 6 657 19 22090 99 128886 22 40 45 49 27508 44914 50715 54197 163 208 223 232 187000 263071 288428 303642 1 1 0 1 1 0 1 1 0 1 1 0 2 2 0 2 2 0 2 2 0 2 2 0
3 1574 4 358 4 1349 6 417 2 1773 4 309 5 5 5 5 1678 3579 4213 4593 6 9 10 10 657 693 705 712 2 1 0 2 1 0 2 1 0 2 1 0 1 3 0 1 3 0 1 3 0 1 3 0
2 1305 3 226 0 0 0 0 2 1886 4 293 5 5 5 5 1678 3579 4213 4593 6 9 10 10 417 597 657 693 1 3 0 1 3 0 1 3 0 1 3 0 1 2 0 1 2 0 1 2 0 1 2 0
0 273 0 57 0 0 0 0 1 546 1 115 0 1 2 2 0 819 1092 1256 0 2 3 3 0 172 230 264 2 2 1 2 2 1 2 2 1 2 2 1 1 1 0 1 1 0 1 1 0 1 1 0
2 993 1 102 0 0 0 0 2 1406 2 126 3 5 6 6 1366 2705 3152 3420 4 4 4 4 222 261 274 282 2 1 0 2 1 0 2 1 0 2 1 0 2 1 0 2 1 0 2 1 0 2 1 0
1 733 1 101 0 0 0 0 2 1433 2 125 1 4 5 6 68 2186 2892 3316 4 4 4 4 222 259 271 279 2 1 0 2 1 0 2 1 0 2 1 0 1 2 0 1 2 0 1 2 0 1 2 0
3 1411 3 415 1 68 4 222 3 1701 3 589 7 7 7 7 3388 3514 3556 3582 5 6 7 7 284 1056 1314 1468 2 1 0 2 1 0 2 1 0 2 1 0 2 1 0 2 1 0 2 1 0 2 1 0
3 1542 98 132318 0 0 0 0 4 1912 193 263851 8 8 8 8 3388 3950 4137 4250 8 294 390 447 1572 396640 528329 607343 2 1 0 2 1 0 2 1 0 2 1 0 2 1 0 2 1 0 2 1 0 2 1 0
6 2870 113 149160 6 3152 9 834 6 2634 188 257525 9 13 14 15 4325 5854 6364 6670 71 320 402 452 84948 429990 545004 614013 1 2 0 1 2 0 1 2 0 1 2 0 1 3 0 1 3 0 1 3 0 1 3 0
7 2941 114 149231 6 3152 9 834 4 2557 187 257484 9 13 14 15 4325 5854 6364 6670 71 320 402 452 84948 429990 545004 614013 0 0 0 0 0 0 0 0 0 0 0 0 1 5 0 1 5 0 1 5 0 1 5 0
2 701 3 238 2 119 2 119 2 1228 3 310 4 5 5 5 238 1986 2569 2918 4 7 7 8 238 595 714 786 1 2 0 1 2 0 1 2 0 1 2 0 1 3 0 1 3 0 1 3 0 1 3 0
2 132 2 119 4 199 4 160 1 108 1 100 4 4 4 4 223 232 235 236 4 4 4 4 199 222 230 234 1 2 0 1 2 0 1 2 0 1 2 0 2 1 0 2 1 0 2 1 0 2 1 0
3 1133 3 202 4 199 4 160 2 2057 3 239 4 6 7 7 223 3236 4240 4843 4 7 7 8 199 470 561 615 2 1 0 2 1 0 2 1 0 2 1 0 2 1 0 2 1 0 2 1 0 2 1 0
5 2352 10 4392 8 2315 9 652 3 2053 8 6145 8 8 8 8 3978 4738 4991 5143 15 19 21 22 5045 11682 13894 15222 1 1 0 1 1 0 1 1 0 1 1 0 2 2 1 2 2 1 2 2 1 2 2 1
9 3593 45 50253 9 3671 15 6397 1 1021 61 86553 12 12 12 12 3978 4738 4991 5143 23 110 138 156 16107 140281 181673 206508 0 0 0 0 0 0 0 0 0 0 0 0 1 5 0 1 5 0 1 5 0 1 5 0
8 2840 69 85309 9 2759 23 16107 3 504 66 91883 12 12 12 12 3100 3442 3556 3625 131 153 160 165 168486 201233 212149 218698 0 0 0 0 0 0 0 0 0 0 0 0 1 5 0 1 5 0 1 5 0 1 5 0
8 2732 101 129108 9 2699 131 168486 3 626 55 76065 12 12 12 12 3100 3442 3556 3625 131 153 160 165 169804 201760 212412 218804 0 0 0 0 0 0 0 0 0 0 0 0 1 5 0 1 5 0 1 5 0 1 5 0
11 3999 210 278495 10 2699 131 169804 4 3379 147 203445 12 16 17 18 3100 7645 9160 10069 248 387 433 461 333543 522787 585868 623717 0 0 0 0 0 0 0 0 0 0 0 0 1 5 0 1 5 0 1 5 0 1 5 0
8 3036 171 230459 9 1685 131 169804 6 3949 179 243171 10 15 17 18 2699 7485 9080 10037 248 387 433 461 333543 522787 585868 623717 1 1 0 1 1 0 1 2 0 1 2 0 1 4 0 1 4 0 1 3 0 1 3 0
4 1171 128 172709 2 123 0 0 5 1574 186 252208 10 11 11 11 1685 3104 3576 3860 163 353 416 454 214598 475209 562079 614201 1 2 0 1 2 0 1 3 0 1 3 0 2 1 0 2 1 0 2 1 0 2 1 0
11 11828 37 43233 0 0 0 0 17 21688 63 85684 12 31 37 41 4050 34675 44884 51009 22 106 134 151 1570 129386 171992 197555 2 1 0 2 1 0 2 1 0 2 1 0 1 2 0 1 2 0 1 2 0 1 2 0
11 11844 37 43249 2 80 2 80 16 21680 63 85676 12 31 37 41 4050 34675 44884 51009 22 106 134 151 1570 129386 171992 197555 2 1 0 2 1 0 2 1 0 2 1 0 2 1 0 2 1 0 2 1 0 2 1 0
1 73 1 64 0 0 0 0 2 111 2 93 2 4 5 5 80 204 246 271 2 4 5 5 80 176 207 227 2 1 0 2 1 0 2 1 0 2 1 0 2 1 0 2 1 0 2 1 0 2 1 0
1 57 1 48 0 0 0 0 2 115 2 96 0 3 4 5 0 172 230 264 0 3 4 5 0 144 191 220 2 2 0 2 2 0 2 2 0 2 2 0 1 1 0 1 1 0 1 1 0 1 1 0
1 57 1 48 0 0 0 0 2 115 2 96 0 3 4 5 0 172 230 264 0 3 4 5 0 144 191 220 1 4 0 1 4 0 1 4 0 1 4 0 1 1 0 1 1 0 1 1 0 1 1 0
0 475 1 95 0 0 0 0 1 950 2 190 0 2 3 3 0 1425 1900 2185 0 3 3 4 0 285 379 436 2 2 1 2 2 1 2 2 1 2 2 1 1 1 0 1 1 0 1 1 0 1 1 0
0 475 1 95 0 0 0 0 1 950 2 190 0 2 3 3 0 1425 1900 2185 0 3 3 4 0 285 379 436 2 2 1 2 2 1 2 2 1 2 2 1 1 1 0 1 1 0 1 1 0 1 1 0
0 0 0 0 0 0 0 0 0 0 0 0 0 0 0 0 0 0 0 0 0 0 0 0 0 0 0 0 1 5 0 1 5 0 1 5 0 1 5 0 0 0 0 0 0 0 0 0 0 0 0 0
0 0 0 0 0 0 0 0 0 0 0 0 0 0 0 0 0 0 0 0 0 0 0 0 0 0 0 0 1 5 0 1 5 0 1 5 0 1 5 0 0 0 0 0 0 0 0 0 0 0 0 0
0 0 0 0 0 0 0 0 0 0 0 0 0 0 0 0 0 0 0 0 0 0 0 0 0 0 0 0 1 5 0 1 5 0 1 5 0 1 5 0 0 0 0 0 0 0 0 0 0 0 0 0
0 0 0 0 0 0 0 0 0 0 0 0 0 0 0 0 0 0 0 0 0 0 0 0 0 0 0 0 1 5 0 1 5 0 1 5 0 1 5 0 0 0 0 0 0 0 0 0 0 0 0 0
0 0 0 0 0 0 0 0 0 0 0 0 0 0 0 0 0 0 0 0 0 0 0 0 0 0 0 0 1 5 0 1 5 0 1 5 0 1 5 0 0 0 0 0 0 0 0 0 0 0 0 0
0 0 0 0 0 0 0 0 0 0 0 0 0 0 0 0 0 0 0 0 0 0 0 0 0 0 0 0 1 5 0 1 5 0 1 5 0 1 5 0 0 0 0 0 0 0 0 0 0 0 0 0
1 366 1 82 0 0 0 0 2 732 2 164 0 3 3 4 0 1098 1464 1684 0 3 3 4 0 247 329 379 1 4 0 1 4 0 1 4 0 1 4 0 1 1 0 1 1 0 1 1 0 1 1 0
1 366 1 82 0 0 0 0 2 732 2 164 0 3 3 4 0 1098 1464 1684 0 3 3 4 0 247 329 379 2 2 0 2 2 0 2 2 0 2 2 0 1 1 0 1 1 0 1 1 0 1 1 0
1 366 1 82 0 0 0 0 2 732 2 164 0 3 3 4 0 1098 1464 1684 0 3 3 4 0 247 329 379 1 4 0 1 4 0 1 4 0 1 4 0 1 1 0 1 1 0 1 1 0 1 1 0
0 0 0 0 0 0 0 0 0 0 0 0 0 0 0 0 0 0 0 0 0 0 0 0 0 0 0 0 1 5 0 1 5 0 1 5 0 1 5 0 0 0 0 0 0 0 0 0 0 0 0 0
0 15 0 22 0 0 0 0 0 30 0 44 0 0 0 0 0 45 59 69 0 1 1 1 0 66 88 102 1 4 0 1 4 0 1 4 0 1 4 0 1 1 0 1 1 0 1 1 0 1 1 0
1 86 1 93 1 75 2 111 1 88 1 88 2 3 3 3 119 190 214 228 2 3 3 3 119 190 214 228 1 2 0 1 2 0 1 2 0 1 2 0 1 3 0 1 3 0 1 3 0 1 3 0
1 86 1 93 1 75 2 111 1 88 1 88 2 3 3 3 119 190 214 228 2 3 3 3 119 190 214 228 1 2 0 1 2 0 1 2 0 1 2 0 1 3 0 1 3 0 1 3 0 1 3 0
1 71 1 71 0 0 0 0 1 95 1 95 2 3 3 3 119 190 214 228 2 3 3 3 119 190 214 228 2 1 0 2 1 0 2 1 0 2 1 0 2 1 0 2 1 0 2 1 0 2 1 0
0 23 0 23 0 0 0 0 0 47 0 47 0 1 1 1 0 71 95 109 0 1 1 1 0 71 95 109 2 2 1 2 2 1 2 2 1 2 2 1 1 1 0 1 1 0 1 1 0 1 1 0
0 47 0 47 0 0 0 0 1 95 1 95 0 2 3 3 0 142 190 218 0 2 3 3 0 142 190 218 1 4 0 1 4 0 1 4 0 1 4 0 1 1 0 1 1 0 1 1 0 1 1 0
0 47 0 47 0 0 0 0 1 95 1 95 0 2 3 3 0 142 190 218 0 2 3 3 0 142 190 218 2 2 0 2 2 0 2 2 0 2 2 0 1 1 0 1 1 0 1 1 0 1 1 0
0 47 0 47 0 0 0 0 1 95 1 95 0 2 3 3 0 142 190 218 0 2 3 3 0 142 190 218 1 4 0 1 4 0 1 4 0 1 4 0 1 1 0 1 1 0 1 1 0 1 1 0
0 0 0 0 0 0 0 0 0 0 0 0 0 0 0 0 0 0 0 0 0 0 0 0 0 0 0 0 1 5 0 1 5 0 1 5 0 1 5 0 0 0 0 0 0 0 0 0 0 0 0 0
0 0 0 0 0 0 0 0 0 0 0 0 0 0 0 0 0 0 0 0 0 0 0 0 0 0 0 0 1 5 0 1 5 0 1 5 0 1 5 0 0 0 0 0 0 0 0 0 0 0 0 0
1 366 1 82 0 0 0 0 2 732 2 164 0 3 3 4 0 1099 1465 1685 0 3 3 4 0 246 328 378 1 4 0 1 4 0 1 4 0 1 4 0 1 1 0 1 1 0 1 1 0 1 1 0
9 754 12 12218 0 0 0 0 16 925 23 24231 5 27 34 39 1832 1898 1920 1933 5 37 48 54 411 36571 48625 55857 2 1 0 2 1 0 2 1 0 2 1 0 1 2 0 1 2 0 1 2 0 1 2 0
9 754 12 12218 0 0 0 0 16 925 23 24231 5 27 34 39 1832 1898 1920 1933 5 37 48 54 411 36571 48625 55857 1 3 0 1 3 0 1 3 0 1 3 0 1 2 0 1 2 0 1 2 0 1 2 0
0 0 0 0 0 0 0 0 0 0 0 0 0 0 0 0 0 0 0 0 0 0 0 0 0 0 0 0 1 5 0 1 5 0 1 5 0 1 5 0 0 0 0 0 0 0 0 0 0 0 0 0
0 0 0 0 0 0 0 0 0 0 0 0 0 0 0 0 0 0 0 0 0 0 0 0 0 0 0 0 1 5 0 1 5 0 1 5 0 1 5 0 0 0 0 0 0 0 0 0 0 0 0 0
0 0 0 0 0 0 0 0 0 0 0 0 0 0 0 0 0 0 0 0 0 0 0 0 0 0 0 0 1 5 0 1 5 0 1 5 0 1 5 0 0 0 0 0 0 0 0 0 0 0 0 0
1 402 1 126 0 0 0 0 2 805 2 253 0 3 4 5 0 1208 1611 1852 0 3 4 5 0 380 507 583 2 2 1 2 2 1 2 2 1 2 2 1 1 1 0 1 1 0 1 1 0 1 1 0
1 402 1 126 0 0 0 0 2 805 2 253 0 3 4 5 0 1208 1611 1852 0 3 4 5 0 380 507 583 2 2 1 2 2 1 2 2 1 2 2 1 1 1 0 1 1 0 1 1 0 1 1 0
0 0 0 0 0 0 0 0 0 0 0 0 0 0 0 0 0 0 0 0 0 0 0 0 0 0 0 0 1 5 0 1 5 0 1 5 0 1 5 0 0 0 0 0 0 0 0 0 0 0 0 0
0 0 0 0 0 0 0 0 0 0 0 0 0 0 0 0 0 0 0 0 0 0 0 0 0 0 0 0 1 5 0 1 5 0 1 5 0 1 5 0 0 0 0 0 0 0 0 0 0 0 0 0
0 0 0 0 0 0 0 0 0 0 0 0 0 0 0 0 0 0 0 0 0 0 0 0 0 0 0 0 1 5 0 1 5 0 1 5 0 1 5 0 0 0 0 0 0 0 0 0 0 0 0 0
0 0 0 0 0 0 0 0 0 0 0 0 0 0 0 0 0 0 0 0 0 0 0 0 0 0 0 0 1 5 0 1 5 0 1 5 0 1 5 0 0 0 0 0 0 0 0 0 0 0 0 0
0 0 0 0 0 0 0 0 0 0 0 0 0 0 0 0 0 0 0 0 0 0 0 0 0 0 0 0 1 5 0 1 5 0 1 5 0 1 5 0 0 0 0 0 0 0 0 0 0 0 0 0
4 231 4 3665 0 0 0 0 5 284 9 7311 11 12 12 12 559 583 591 596 1 14 18 21 40 10989 14639 16829 1 3 0 1 3 0 1 3 0 1 3 0 1 2 0 1 2 0 1 2 0 1 2 0
5 598 5 3778 5 559 1 40 5 669 8 7258 11 12 12 12 600 1340 1587 1735 5 15 19 21 562 11198 14743 16870 2 1 0 2 1 0 2 1 0 2 1 0 2 1 0 2 1 0 2 1 0 2 1 0
3 478 1 120 0 0 0 0 5 711 1 221 5 9 11 12 559 1324 1578 1732 1 3 4 4 40 353 457 520 2 1 0 2 1 0 2 1 0 2 1 0 2 1 0 2 1 0 2 1 0 2 1 0
1 366 1 112 0 0 0 0 2 733 2 224 0 3 3 4 0 1100 1467 1687 0 3 3 4 0 337 449 517 1 4 0 1 4 0 1 4 0 1 4 0 1 1 0 1 1 0 1 1 0 1 1 0
0 44 0 32 0 0 0 0 1 89 1 64 0 2 3 3 0 133 178 205 0 2 3 3 0 96 127 147 1 4 0 1 4 0 1 4 0 1 4 0 1 1 0 1 1 0 1 1 0 1 1 0
2 133 2 96 0 0 0 0 3 178 3 128 4 6 7 7 223 356 401 428 4 6 7 7 160 256 288 307 2 1 0 2 1 0 2 1 0 2 1 0 1 2 0 1 2 0 1 2 0 1 2 0
3 178 3 128 4 223 4 160 2 166 2 119 4 6 7 7 223 356 401 428 4 6 7 7 160 256 288 307 1 2 0 1 2 0 1 2 0 1 2 0 2 1 0 2 1 0 2 1 0 2 1 0
0 44 0 32 0 0 0 0 1 89 1 64 0 2 3 3 0 133 178 205 0 2 3 3 0 96 127 147 2 2 0 2 2 0 2 2 0 2 2 0 1 1 0 1 1 0 1 1 0 1 1 0
0 44 0 32 0 0 0 0 1 89 1 64 0 2 3 3 0 133 178 205 0 2 3 3 0 96 127 147 1 4 0 1 4 0 1 4 0 1 4 0 1 1 0 1 1 0 1 1 0 1 1 0
0 44 0 32 0 0 0 0 1 89 1 64 0 2 3 3 0 133 178 205 0 2 3 3 0 96 127 147 2 2 1 2 2 1 2 2 1 2 2 1 1 1 0 1 1 0 1 1 0 1 1 0
25 1431 45 34025 4 223 4 160 29 1790 53 42330 56 61 63 64 2420 3676 4095 4346 110 111 111 111 72664 87447 92375 95331 2 1 0 2 1 0 2 1 0 2 1 0 2 1 0 2 1 0 2 1 0 2 1 0
24 1386 44 33993 0 0 0 0 29 1822 54 42356 56 61 63 64 2420 3676 4095 4346 110 111 111 111 72664 87447 92375 95331 2 1 0 2 1 0 2 1 0 2 1 0 1 2 0 1 2 0 1 2 0 1 2 0
44 1890 86 82547 56 2420 110 97303 38 1628 76 74210 67 86 92 96 2995 3620 3829 3954 127 169 183 191 123155 164630 178455 186750 1 2 0 1 2 0 1 2 0 1 2 0 2 1 0 2 1 0 2 1 0 2 1 0
88 3958 133 134635 97 4021 140 147438 58 2808 72 74122 99 148 164 174 4038 6858 7797 8362 197 200 201 201 192280 203093 206698 208861 1 1 0 1 1 0 1 1 0 1 1 0 1 4 0 1 4 0 1 4 0 1 4 0
78 3533 99 99481 97 4021 127 123155 65 3070 75 79903 99 148 164 174 4038 6858 7797 8362 140 177 189 197 147438 185157 197730 205273 1 1 0 1 1 0 1 1 0 1 1 0 1 4 0 1 4 0 1 4 0 1 4 0
61 2991 84 93031 13 872 26 16509 73 3492 93 107734 113 153 167 175 5349 7382 8060 8466 194 198 200 201 210303 227128 232736 236101 1 2 0 1 2 0 1 2 0 1 2 0 2 1 0 2 1 0 2 1 0 2 1 0
27 1980 46 53297 5 1176 20 8670 43 2087 74 92800 19 75 94 105 3377 4560 4954 5191 20 124 159 180 19471 150795 194570 220835 1 2 0 1 2 0 1 2 0 1 2 0 1 3 0 1 3 0 1 3 0 1 3 0
45 5078 68 63343 31 5349 31 19471 38 2952 66 88781 61 92 102 108 5383 8218 9163 9730 79 148 170 184 46890 161763 200053 223028 0 0 0 0 0 0 0 0 0 0 0 0 1 5 0 1 5 0 1 5 0 1 5 0
25 5742 37 20773 24 5383 31 19471 20 2975 23 17579 31 49 54 58 7449 9045 9577 9896 44 65 72 76 33367 41480 44185 45808 0 0 0 0 0 0 0 0 0 0 0 0 1 5 0 1 5 0 1 5 0 1 5 0
26 5312 58 51394 24 5383 31 3339 22 2910 73 84755 31 52 59 64 7449 8272 8546 8711 44 138 170 189 33367 144798 181942 204228 0 0 0 0 0 0 0 0 0 0 0 0 1 5 0 1 5 0 1 5 0 1 5 0
32 15208 54 47990 8 6266 12 802 32 20603 75 85839 67 72 74 75 8821 37153 46597 52264 47 140 170 189 18917 139018 179052 203072 0 0 0 0 0 0 0 0 0 0 0 0 1 5 0 1 5 0 1 5 0 1 5 0
58 15502 96 94787 67 6266 79 76399 42 20416 69 83038 76 104 114 120 8821 37153 46597 52264 146 179 190 197 158765 194957 207021 214260 0 0 0 0 0 0 0 0 0 0 0 0 1 5 0 1 5 0 1 5 0 1 5 0
47 3323 63 69308 16 3970 79 76399 50 2355 54 62063 91 110 117 121 5140 5815 6040 6175 86 122 134 141 110608 139502 149133 154912 1 1 0 1 1 0 1 1 0 1 1 0 1 4 0 1 4 0 1 4 0 1 4 0
21 1042 33 37401 0 0 0 0 35 1540 40 47067 16 61 75 85 1243 2879 3424 3751 79 83 84 85 76399 96924 103766 107871 1 3 0 1 3 0 1 3 0 1 3 0 1 2 0 1 2 0 1 2 0 1 2 0
7 3964 16 13560 0 0 0 0 10 5198 24 24248 12 21 23 25 6976 10499 11673 12378 18 45 53 59 5967 39489 50662 57367 1 3 0 1 3 0 1 3 0 1 3 0 1 2 0 1 2 0 1 2 0 1 2 0
21 6526 39 31480 27 6976 51 39600 13 4128 25 24381 30 34 35 36 7502 10709 11778 12420 63 63 63 63 49996 57100 59468 60889 1 1 0 1 1 0 1 1 0 1 1 0 1 4 0 1 4 0 1 4 0 1 4 0
22 4835 37 30256 30 5304 51 39600 14 2664 24 22937 35 36 36 36 6976 7291 7396 7459 54 59 61 62 49996 53429 54573 55260 1 1 0 1 1 0 1 1 0 1 1 0 1 4 0 1 4 0 1 4 0 1 4 0
13 1968 24 21166 3 144 3 120 15 2370 28 25938 30 33 34 34 4396 4940 5122 5231 54 59 61 62 49996 53429 54573 55260 1 2 0 1 2 0 1 2 0 1 2 0 2 1 0 2 1 0 2 1 0 2 1 0
1 296 1 59 0 0 0 0 1 523 1 75 3 3 3 3 144 860 1099 1242 3 3 3 3 120 155 167 174 2 1 0 2 1 0 2 1 0 2 1 0 2 1 0 2 1 0 2 1 0 2 1 0
4 929 33 40955 3 612 4 179 3 936 57 80113 6 8 9 9 1338 2066 2309 2454 11 92 119 136 3317 122024 161593 185335 1 1 0 1 1 0 1 1 0 1 1 0 2 2 1 2 2 1 2 2 1 2 2 1
6 2865 49 62709 6 1338 11 3317 3 3559 57 80824 10 10 10 10 2552 6891 8337 9205 84 121 134 141 108847 164236 182699 193777 0 0 0 0 0 0 0 0 0 0 0 0 1 5 0 1 5 0 1 5 0 1 5 0
21 10075 50 50307 6 2552 57 69625 31 13166 38 42217 10 53 68 77 9784 25264 30423 33520 84 93 96 97 69709 93191 101019 105715 0 0 0 0 0 0 0 0 0 0 0 0 1 5 0 1 5 0 1 5 0 1 5 0
20 10051 86 102334 5 2416 84 79585 31 13158 28 43239 10 53 68 77 9784 25264 30423 33520 99 120 127 131 108847 153883 168895 177902 0 0 0 0 0 0 0 0 0 0 0 0 1 5 0 1 5 0 1 5 0 1 5 0
3 1524 54 71153 3 1329 57 69625 1 941 45 63564 4 4 4 4 2416 2568 2619 2649 60 104 119 128 79585 142178 163042 175561 0 0 0 0 0 0 1 1 0 1 1 0 1 5 0 1 5 0 2 2 1 2 2 1
4 1177 71 95663 3 1146 60 79585 3 874 66 92872 6 8 9 9 1386 2156 2413 2567 83 148 170 183 112814 203086 233177 251231 0 0 0 0 0 0 1 1 0 1 1 0 1 5 0 1 5 0 2 2 1 2 2 1
6 1781 140 190113 6 1386 83 112814 3 1192 148 203120 10 10 10 10 2670 3247 3439 3555 192 320 363 388 263268 436371 494072 528693 0 0 0 0 0 0 0 0 0 0 0 0 1 5 0 1 5 0 1 5 0 1 5 0
11 3277 134 178002 10 1538 83 112814 7 3145 148 204533 12 19 21 23 3632 6995 8116 8789 170 311 358 387 224527 420875 486324 525594 0 0 0 0 0 0 0 0 0 0 0 0 1 5 0 1 5 0 1 5 0 1 5 0
11 3451 120 156662 10 1538 17 6175 7 3235 155 215495 12 19 21 23 4745 7440 8339 8878 170 311 358 387 224527 420875 486324 525594 0 0 0 0 0 0 1 1 0 1 1 0 1 5 0 1 5 0 1 4 0 1 4 0
5 3303 7 1862 3 1205 6 967 4 3348 5 2200 8 10 11 11 4745 7440 8339 8878 11 14 15 16 1337 4239 5207 5787 0 0 0 0 0 0 1 1 0 1 1 0 1 5 0 1 5 0 2 2 0 2 2 0
2 1015 21 25197 3 1205 6 1337 0 414 22 30218 3 3 3 3 1269 1269 1269 1269 43 49 51 52 55180 63175 65840 67439 0 0 0 0 0 0 1 1 0 1 1 0 1 5 0 1 5 0 1 4 0 1 4 0
6 1938 58 73822 4 1270 53 68505 3 854 35 46845 10 10 10 10 2795 3011 3083 3126 85 98 102 105 104879 125699 132639 136803 0 0 0 0 0 0 0 0 0 0 0 0 1 5 0 1 5 0 1 5 0 1 5 0
8 2097 102 134519 10 1888 88 116385 3 754 41 59014 11 12 12 12 2795 3011 3083 3126 107 149 163 172 139580 201782 222515 234956 0 0 0 0 0 0 0 0 0 0 0 0 1 5 0 1 5 0 1 5 0 1 5 0
8 1879 131 176594 8 1525 140 191352 2 661 38 56534 10 11 12 12 1888 2648 2901 3053 166 173 175 177 227107 236792 240021 241958 0 0 0 0 0 0 0 0 0 0 0 0 1 5 0 1 5 0 1 5 0 1 5 0
8 1373 168 230085 8 1525 166 227107 2 494 25 34707 9 11 12 12 1572 1761 1824 1862 178 198 205 209 243250 270523 279614 285068 0 0 0 0 0 0 0 0 0 0 0 0 1 5 0 1 5 0 1 5 0 1 5 0
10 2381 154 209960 8 1572 145 200012 5 2286 91 123459 9 15 17 19 1579 4755 5814 6449 212 249 262 269 288705 337284 353477 363193 0 0 0 0 0 0 0 0 0 0 0 0 1 5 0 1 5 0 1 5 0 1 5 0
10 2633 155 209948 9 1579 178 240080 5 2123 93 126588 12 16 18 19 1764 4829 5851 6464 212 249 262 269 288705 337284 353477 363193 0 0 0 0 0 0 0 0 0 0 0 0 1 5 0 1 5 0 1 5 0 1 5 0
9 2145 146 197840 10 1381 166 228107 6 2433 89 121237 12 16 18 19 1764 4829 5851 6464 178 236 255 267 240080 317834 343752 359303 0 0 0 0 0 0 0 0 0 0 0 0 1 5 0 1 5 0 1 5 0 1 5 0
3 442 56 75914 2 119 2 119 3 511 69 96007 5 8 9 9 592 1065 1223 1317 112 144 155 161 151227 197355 212731 221956 1 1 0 1 1 0 1 1 0 1 1 0 2 2 1 2 2 1 2 2 1 2 2 1
12 3041 14 5369 2 119 2 119 14 3630 16 7740 27 30 31 32 7283 7524 7605 7653 34 35 35 35 6607 14642 17321 18928 1 1 0 1 1 0 1 1 0 1 1 0 2 2 1 2 2 1 2 2 1 2 2 1
19 3944 21 7682 25 4012 30 6607 11 3187 14 7267 27 30 31 32 7283 7524 7605 7653 34 35 35 35 10704 16281 18140 19256 0 0 0 0 0 0 0 0 0 0 0 0 1 5 0 1 5 0 1 5 0 1 5 0
13 2391 14 6345 9 623 7 983 13 2861 15 7927 25 29 31 32 4012 5974 6628 7021 30 33 34 35 10704 16281 18140 19256 1 1 0 1 1 0 1 1 0 1 1 0 2 2 1 2 2 1 2 2 1 2 2 1
4 1165 4 354 3 169 4 232 3 1926 3 363 7 8 8 8 623 3245 4118 4643 7 7 7 7 515 795 889 945 1 1 0 1 1 0 1 1 0 1 1 0 2 2 1 2 2 1 2 2 1 2 2 1
2 1299 3 214 2 169 4 232 2 1907 2 185 3 5 6 6 1294 3513 4253 4697 4 6 7 7 286 423 469 496 1 1 0 1 1 0 1 1 0 1 1 0 1 4 0 1 4 0 1 4 0 1 4 0
1 292 1 103 0 0 0 0 1 504 1 128 2 2 2 2 169 844 1068 1204 4 4 4 4 232 264 275 281 1 3 0 1 3 0 1 3 0 1 3 0 1 2 0 1 2 0 1 2 0 1 2 0
0 8 0 8 0 0 0 0 0 16 0 16 0 0 0 0 0 24 31 36 0 0 0 0 0 24 31 36 2 2 1 2 2 1 2 2 1 2 2 1 1 1 0 1 1 0 1 1 0 1 1 0
0 8 0 8 0 0 0 0 0 16 0 16 0 0 0 0 0 24 31 36 0 0 0 0 0 24 31 36 2 2 1 2 2 1 2 2 1 2 2 1 1 1 0 1 1 0 1 1 0 1 1 0
1 292 1 72 0 0 0 0 1 565 1 125 1 2 3 3 40 870 1147 1313 1 3 4 4 40 208 264 298 1 3 0 1 3 0 1 3 0 1 3 0 1 2 0 1 2 0 1 2 0 1 2 0
1 292 1 72 0 0 0 0 1 565 1 125 1 2 3 3 40 870 1147 1313 1 3 4 4 40 208 264 298 2 1 0 2 1 0 2 1 0 2 1 0 1 2 0 1 2 0 1 2 0 1 2 0
2 1746 2 169 0 0 0 0 3 2834 2 217 4 6 7 7 1424 4953 6130 6836 5 5 5 5 321 444 484 509 1 3 0 1 3 0 1 3 0 1 3 0 2 1 0 2 1 0 2 1 0 2 1 0
1 1469 1 113 0 0 0 0 3 2918 1 206 1 5 6 7 40 4400 5853 6725 1 3 4 4 40 331 428 487 2 1 0 2 1 0 2 1 0 2 1 0 1 2 0 1 2 0 1 2 0 1 2 0
1 1469 1 113 0 0 0 0 3 2918 1 206 1 5 6 7 40 4400 5853 6725 1 3 4 4 40 331 428 487 1 3 0 1 3 0 1 3 0 1 3 0 1 2 0 1 2 0 1 2 0 1 2 0
0 258 0 28 0 0 0 0 0 496 0 39 1 1 1 1 40 766 1007 1153 1 1 1 1 40 77 89 97 1 3 0 1 3 0 1 3 0 1 3 0 1 2 0 1 2 0 1 2 0 1 2 0
1 283 1 72 1 40 1 40 0 485 1 82 2 2 2 2 129 801 1025 1160 2 2 2 2 102 172 195 209 2 1 0 2 1 0 2 1 0 2 1 0 1 3 0 1 3 0 1 3 0 1 3 0
0 275 1 64 0 0 0 0 0 489 1 86 2 2 2 2 129 801 1025 1160 2 2 2 2 102 172 195 209 1 3 0 1 3 0 1 3 0 1 3 0 1 2 0 1 2 0 1 2 0 1 2 0
6 957 37 49360 0 0 0 0 11 1864 75 98700 2 17 22 25 101 2851 3768 4318 1 113 150 173 40 148072 197416 227023 1 3 0 1 3 0 1 3 0 1 3 0 1 2 0 1 2 0 1 2 0 1 2 0
6 981 38 49384 2 101 1 40 10 1852 74 98688 2 17 22 25 119 2858 3771 4319 2 113 150 173 119 148104 197432 227029 2 1 0 2 1 0 2 1 0 2 1 0 2 1 0 2 1 0 2 1 0 2 1 0
3 738 3 244 2 101 1 40 4 1346 4 390 2 8 9 11 119 2105 2767 3165 2 8 9 11 119 660 840 948 1 1 0 1 1 0 1 1 0 1 1 0 2 2 1 2 2 1 2 2 1 2 2 1
3 717 3 236 1 40 1 40 4 1356 4 394 2 8 9 11 119 2105 2767 3165 2 8 9 11 119 660 840 948 1 2 0 1 2 0 1 2 0 1 2 0 1 3 0 1 3 0 1 3 0 1 3 0
2 950 3 260 0 0 0 0 4 1341 4 395 2 8 9 11 1321 2586 3008 3261 4 8 10 11 281 725 872 961 1 3 0 1 3 0 1 3 0 1 3 0 2 1 0 2 1 0 2 1 0 2 1 0
6 545 25 28369 0 0 0 0 11 669 48 56598 2 18 24 27 1321 1373 1390 1401 4 74 97 111 281 85052 113308 130263 2 1 0 2 1 0 2 1 0 2 1 0 2 1 0 2 1 0 2 1 0 2 1 0
7 947 26 28486 2 1321 4 281 11 809 47 56540 3 19 24 27 1408 1768 1888 1960 5 74 97 111 583 85172 113369 130287 2 1 0 2 1 0 2 1 0 2 1 0 2 1 0 2 1 0 2 1 0 2 1 0
6 691 25 28437 1 40 1 40 11 852 47 56564 3 19 24 27 1408 1768 1888 1960 5 74 97 111 583 85172 113369 130287 2 1 0 2 1 0 2 1 0 2 1 0 2 1 0 2 1 0 2 1 0 2 1 0
0 16 0 16 0 0 0 0 0 19 0 19 1 1 1 1 40 40 40 40 1 1 1 1 40 40 40 40 3 1 0 3 1 0 3 1 0 3 1 0 2 1 0 2 1 0 2 1 0 2 1 0
0 8 0 8 0 0 0 0 0 16 0 16 0 0 0 0 0 24 31 36 0 0 0 0 0 24 31 36 2 2 1 2 2 1 2 2 1 2 2 1 1 1 0 1 1 0 1 1 0 1 1 0
0 31 0 31 0 0 0 0 1 63 1 63 0 1 2 2 0 95 127 146 0 1 2 2 0 95 127 146 1 4 0 1 4 0 1 4 0 1 4 0 1 1 0 1 1 0 1 1 0 1 1 0
1 353 1 151 0 0 0 0 1 629 2 231 3 3 3 3 159 1027 1316 1490 3 4 4 4 159 421 509 561 2 1 0 2 1 0 2 1 0 2 1 0 1 2 0 1 2 0 1 2 0 1 2 0
1 384 2 183 2 119 2 119 1 613 1 214 3 3 3 3 159 1027 1316 1490 3 4 4 4 159 421 509 561 1 1 0 1 1 0 1 1 0 1 1 0 2 2 0 2 2 0 2 2 0 2 2 0
1 87 1 87 2 119 2 119 1 58 1 58 2 2 2 2 119 143 151 155 2 2 2 2 119 143 151 155 1 1 0 1 1 0 1 1 0 1 1 0 1 4 0 1 4 0 1 4 0 1 4 0
2 135 2 135 2 119 2 119 1 64 1 64 3 3 3 3 159 206 222 231 3 3 3 3 159 206 222 231 0 0 0 0 0 0 0 0 0 0 0 0 1 5 0 1 5 0 1 5 0 1 5 0
3 339 3 282 2 119 2 119 2 425 2 312 4 5 6 6 238 804 993 1106 4 5 6 6 238 631 762 841 0 0 0 0 0 0 0 0 0 0 0 0 1 5 0 1 5 0 1 5 0 1 5 0
2 268 2 210 1 40 1 40 2 458 2 344 2 5 5 6 119 756 969 1096 2 5 5 6 119 584 738 832 1 2 0 1 2 0 1 2 0 1 2 0 1 3 0 1 3 0 1 3 0 1 3 0
1 322 1 84 0 0 0 0 1 624 2 149 1 2 3 3 40 958 1263 1447 1 4 4 5 40 245 313 354 1 3 0 1 3 0 1 3 0 1 3 0 2 1 0 2 1 0 2 1 0 2 1 0
1 322 1 84 0 0 0 0 1 624 2 149 1 2 3 3 40 958 1263 1447 1 4 4 5 40 245 313 354 2 1 0 2 1 0 2 1 0 2 1 0 1 2 0 1 2 0 1 2 0 1 2 0
2 379 2 132 3 144 3 120 1 597 2 133 3 3 3 3 144 999 1284 1455 3 4 5 5 120 277 329 361 1 1 0 1 1 0 1 1 0 1 1 0 2 2 0 2 2 0 2 2 0 2 2 0
1 65 1 56 1 40 1 40 1 65 1 54 3 3 3 3 144 144 144 144 3 3 3 3 120 120 120 120 2 1 0 2 1 0 2 1 0 2 1 0 2 1 0 2 1 0 2 1 0 2 1 0
0 36 0 32 0 0 0 0 1 55 1 46 1 2 2 2 40 102 123 135 1 2 2 2 40 88 103 113 2 1 0 2 1 0 2 1 0 2 1 0 2 1 0 2 1 0 2 1 0 2 1 0
0 349 1 121 0 0 0 0 1 678 1 223 1 2 2 2 40 1039 1371 1571 1 3 4 4 40 356 461 524 1 3 0 1 3 0 1 3 0 1 3 0 2 1 0 2 1 0 2 1 0 2 1 0
0 341 1 113 0 0 0 0 1 682 2 226 0 1 2 2 0 1023 1363 1568 0 3 3 4 0 340 453 521 2 2 0 2 2 0 2 2 0 2 2 0 1 1 0 1 1 0 1 1 0 1 1 0
1 709 2 181 0 0 0 0 1 870 2 233 3 3 3 3 1705 1788 1816 1832 5 5 5 5 338 475 521 548 1 3 0 1 3 0 1 3 0 1 3 0 2 1 0 2 1 0 2 1 0 2 1 0
0 368 1 67 0 0 0 0 1 737 2 135 0 1 2 2 0 1106 1475 1696 0 3 3 4 0 202 270 310 2 2 0 2 2 0 2 2 0 2 2 0 1 1 0 1 1 0 1 1 0 1 1 0
0 376 1 75 0 0 0 0 1 733 1 132 1 2 2 2 40 1122 1483 1699 1 3 4 4 40 218 278 314 2 1 0 2 1 0 2 1 0 2 1 0 2 1 0 2 1 0 2 1 0 2 1 0
0 8 0 8 0 0 0 0 0 16 0 16 0 0 0 0 0 24 31 36 0 0 0 0 0 24 31 36 2 2 1 2 2 1 2 2 1 2 2 1 1 1 0 1 1 0 1 1 0 1 1 0
0 0 0 0 0 0 0 0 0 0 0 0 0 0 0 0 0 0 0 0 0 0 0 0 0 0 0 0 1 5 0 1 5 0 1 5 0 1 5 0 0 0 0 0 0 0 0 0 0 0 0 0
5 1865 6 4585 0 0 0 0 7 2357 8 5922 8 14 16 18 3747 4848 5215 5435 12 18 20 21 8491 12058 13247 13961 1 3 0 1 3 0 1 3 0 1 3 0 1 2 0 1 2 0 1 2 0 1 2 0
11 2564 65 83546 10 2878 22 14437 7 2048 70 99247 19 19 19 19 3747 4848 5215 5435 112 154 168 176 142927 208295 230085 243159 1 1 0 1 1 0 1 1 0 1 1 0 1 4 0 1 4 0 1 4 0 1 4 0
9 1822 63 81855 10 613 22 14437 8 2154 72 100574 19 19 19 19 2878 4500 5041 5365 112 154 168 176 142927 208295 230085 243159 1 1 0 1 1 0 1 1 0 1 1 0 1 4 0 1 4 0 1 4 0 1 4 0
4 510 38 50499 3 144 3 120 3 660 71 100687 7 8 9 9 613 1298 1527 1664 8 112 147 168 462 151309 201592 231761 1 1 0 1 1 0 1 1 0 1 1 0 2 2 0 2 2 0 2 2 0 2 2 0
2 408 2 140 3 144 3 120 2 676 2 169 3 5 6 6 144 1111 1433 1627 3 6 6 7 120 325 393 434 2 1 0 2 1 0 2 1 0 2 1 0 1 3 0 1 3 0 1 3 0 1 3 0
2 380 2 116 0 0 0 0 2 690 3 178 3 5 6 6 144 1111 1433 1627 3 6 6 7 120 325 393 434 1 3 0 1 3 0 1 3 0 1 3 0 1 2 0 1 2 0 1 2 0 1 2 0
0 23 0 23 0 0 0 0 0 47 0 47 0 1 1 1 0 71 95 109 0 1 1 1 0 71 95 109 2 2 1 2 2 1 2 2 1 2 2 1 1 1 0 1 1 0 1 1 0 1 1 0
3 820 4 532 2 119 2 119 4 968 5 746 5 9 10 11 1758 2038 2132 2188 6 11 13 14 581 1410 1686 1852 2 1 0 2 1 0 2 1 0 2 1 0 2 1 0 2 1 0 2 1 0 2 1 0
5 889 5 548 5 239 4 160 3 916 5 736 5 9 10 11 1758 2038 2132 2188 6 11 13 14 581 1410 1686 1852 1 1 0 1 1 0 1 1 0 1 1 0 1 4 0 1 4 0 1 4 0 1 4 0
5 488 4 464 4 223 4 160 3 640 5 751 5 9 10 11 239 1150 1454 1636 4 10 12 14 160 1241 1602 1818 1 1 0 1 1 0 1 1 0 1 1 0 2 2 1 2 2 1 2 2 1 2 2 1
2 133 2 96 4 223 4 160 1 109 1 78 4 4 4 4 223 223 223 223 4 4 4 4 160 160 160 160 2 1 0 2 1 0 2 1 0 2 1 0 3 1 0 3 1 0 3 1 0 3 1 0
2 133 2 96 4 223 4 160 1 109 1 78 4 4 4 4 223 223 223 223 4 4 4 4 160 160 160 160 2 1 0 2 1 0 2 1 0 2 1 0 3 1 0 3 1 0 3 1 0 3 1 0
2 141 2 104 4 223 4 160 2 116 2 86 4 4 4 4 223 247 255 259 4 4 4 4 160 184 192 196 2 1 0 2 1 0 2 1 0 2 1 0 2 1 0 2 1 0 2 1 0 2 1 0
2 121 2 95 2 119 2 119 2 109 2 82 4 4 4 4 223 247 255 259 4 4 4 4 160 184 192 196 1 2 0 1 2 0 1 2 0 1 2 0 2 1 0 2 1 0 2 1 0 2 1 0
1 63 1 63 0 0 0 0 1 81 1 81 2 3 3 3 119 167 183 192 2 3 3 3 119 167 183 192 2 1 0 2 1 0 2 1 0 2 1 0 1 2 0 1 2 0 1 2 0 1 2 0
1 375 2 120 2 119 2 119 1 597 1 111 3 3 3 3 199 1016 1288 1452 4 4 4 4 199 249 266 276 2 1 0 2 1 0 2 1 0 2 1 0 2 1 0 2 1 0 2 1 0 2 1 0
0 312 0 56 0 0 0 0 1 624 1 113 0 1 2 2 0 936 1248 1436 0 2 3 3 0 169 226 260 2 2 1 2 2 1 2 2 1 2 2 1 1 1 0 1 1 0 1 1 0 1 1 0
0 0 0 0 0 0 0 0 0 0 0 0 0 0 0 0 0 0 0 0 0 0 0 0 0 0 0 0 1 5 0 1 5 0 1 5 0 1 5 0 0 0 0 0 0 0 0 0 0 0 0 0
0 322 1 107 0 0 0 0 1 644 2 214 0 2 3 3 0 967 1289 1483 0 3 4 5 0 321 427 492 1 4 0 1 4 0 1 4 0 1 4 0 1 1 0 1 1 0 1 1 0 1 1 0
0 322 1 107 0 0 0 0 1 644 2 214 0 2 3 3 0 967 1289 1483 0 3 4 5 0 321 427 492 2 2 0 2 2 0 2 2 0 2 2 0 1 1 0 1 1 0 1 1 0 1 1 0
0 322 1 107 0 0 0 0 1 644 2 214 0 2 3 3 0 967 1289 1483 0 3 4 5 0 321 427 492 1 4 0 1 4 0 1 4 0 1 4 0 1 1 0 1 1 0 1 1 0 1 1 0
0 353 1 120 0 0 0 0 0 643 1 187 2 2 2 2 129 1033 1335 1516 2 2 2 2 118 338 411 455 1 3 0 1 3 0 1 3 0 1 3 0 1 2 0 1 2 0 1 2 0 1 2 0
0 353 1 120 0 0 0 0 0 643 1 187 2 2 2 2 129 1033 1335 1516 2 2 2 2 118 338 411 455 2 1 0 2 1 0 2 1 0 2 1 0 1 2 0 1 2 0 1 2 0 1 2 0
0 25 0 97 0 0 0 0 0 51 1 194 0 1 1 1 0 77 103 118 0 1 2 2 0 291 387 446 1 4 0 1 4 0 1 4 0 1 4 0 1 1 0 1 1 0 1 1 0 1 1 0
0 0 0 0 0 0 0 0 0 0 0 0 0 0 0 0 0 0 0 0 0 0 0 0 0 0 0 0 1 5 0 1 5 0 1 5 0 1 5 0 0 0 0 0 0 0 0 0 0 0 0 0
1 712 2 1880 0 0 0 0 3 1424 4 3760 0 4 6 7 0 2136 2847 3275 0 7 9 11 0 5641 7521 8649 1 4 0 1 4 0 1 4 0 1 4 0 1 1 0 1 1 0 1 1 0 1 1 0
5 908 33 43518 0 0 0 0 6 1379 60 82415 8 13 15 16 984 2529 3044 3353 12 97 125 142 9402 128673 168430 192285 2 1 0 2 1 0 2 1 0 2 1 0 1 2 0 1 2 0 1 2 0 1 2 0
5 908 33 43518 0 0 0 0 6 1379 60 82415 8 13 15 16 984 2529 3044 3353 12 97 125 142 9402 128673 168430 192285 1 3 0 1 3 0 1 3 0 1 3 0 1 2 0 1 2 0 1 2 0 1 2 0
0 28 0 24 0 0 0 0 1 57 1 48 0 1 2 2 0 86 115 132 0 1 2 2 0 72 95 110 1 4 0 1 4 0 1 4 0 1 4 0 1 1 0 1 1 0 1 1 0 1 1 0
0 28 0 24 0 0 0 0 1 57 1 48 0 1 2 2 0 86 115 132 0 1 2 2 0 72 95 110 2 2 0 2 2 0 2 2 0 2 2 0 1 1 0 1 1 0 1 1 0 1 1 0
0 28 0 24 0 0 0 0 1 57 1 48 0 1 2 2 0 86 115 132 0 1 2 2 0 72 95 110 1 4 0 1 4 0 1 4 0 1 4 0 1 1 0 1 1 0 1 1 0 1 1 0
0 0 0 0 0 0 0 0 0 0 0 0 0 0 0 0 0 0 0 0 0 0 0 0 0 0 0 0 1 5 0 1 5 0 1 5 0 1 5 0 0 0 0 0 0 0 0 0 0 0 0 0
0 0 0 0 0 0 0 0 0 0 0 0 0 0 0 0 0 0 0 0 0 0 0 0 0 0 0 0 1 5 0 1 5 0 1 5 0 1 5 0 0 0 0 0 0 0 0 0 0 0 0 0
0 320 1 68 0 0 0 0 1 640 2 137 0 1 2 2 0 960 1280 1472 0 3 3 4 0 205 274 315 1 4 0 1 4 0 1 4 0 1 4 0 1 1 0 1 1 0 1 1 0 1 1 0
0 320 1 68 0 0 0 0 1 640 2 137 0 1 2 2 0 960 1280 1472 0 3 3 4 0 205 274 315 2 2 0 2 2 0 2 2 0 2 2 0 1 1 0 1 1 0 1 1 0 1 1 0
2 1074 3 287 3 194 4 230 1 1388 3 317 3 4 4 4 1601 2787 3183 3420 5 7 8 8 343 655 759 822 1 2 0 1 2 0 1 2 0 1 2 0 2 1 0 2 1 0 2 1 0 2 1 0
1 754 2 218 0 0 0 0 2 1414 3 334 3 4 4 4 194 2225 2901 3308 4 7 7 8 230 610 737 813 2 1 0 2 1 0 2 1 0 2 1 0 1 2 0 1 2 0 1 2 0 1 2 0
1 739 2 196 0 0 0 0 1 1420 3 336 2 3 4 4 119 2195 2886 3302 2 6 7 8 119 566 714 804 2 1 0 2 1 0 2 1 0 2 1 0 2 1 0 2 1 0 2 1 0 2 1 0
1 304 17 23219 0 0 0 0 1 551 34 46379 2 3 4 4 119 890 1146 1301 2 53 69 80 119 69634 92806 106709 2 1 0 2 1 0 2 1 0 2 1 0 2 1 0 2 1 0 2 1 0 2 1 0
1 280 17 23195 0 0 0 0 2 561 34 46391 0 3 3 4 0 842 1123 1291 0 52 69 80 0 69586 92782 106699 2 2 0 2 2 0 2 2 0 2 2 0 1 1 0 1 1 0 1 1 0 1 1 0
1 325 18 23227 0 0 0 0 2 546 34 46375 4 4 4 4 223 931 1167 1309 4 53 70 80 160 69650 92814 106712 1 3 0 1 3 0 1 3 0 1 3 0 2 1 0 2 1 0 2 1 0 2 1 0
1 89 1 64 0 0 0 0 1 109 1 78 4 4 4 4 223 223 223 223 4 4 4 4 160 160 160 160 2 1 0 2 1 0 2 1 0 2 1 0 1 2 0 1 2 0 1 2 0 1 2 0
1 89 1 64 0 0 0 0 1 109 1 78 4 4 4 4 223 223 223 223 4 4 4 4 160 160 160 160 1 3 0 1 3 0 1 3 0 1 3 0 1 2 0 1 2 0 1 2 0 1 2 0
0 0 0 0 0 0 0 0 0 0 0 0 0 0 0 0 0 0 0 0 0 0 0 0 0 0 0 0 1 5 0 1 5 0 1 5 0 1 5 0 0 0 0 0 0 0 0 0 0 0 0 0
0 0 0 0 0 0 0 0 0 0 0 0 0 0 0 0 0 0 0 0 0 0 0 0 0 0 0 0 1 5 0 1 5 0 1 5 0 1 5 0 0 0 0 0 0 0 0 0 0 0 0 0
0 0 0 0 0 0 0 0 0 0 0 0 0 0 0 0 0 0 0 0 0 0 0 0 0 0 0 0 1 5 0 1 5 0 1 5 0 1 5 0 0 0 0 0 0 0 0 0 0 0 0 0
0 0 0 0 0 0 0 0 0 0 0 0 0 0 0 0 0 0 0 0 0 0 0 0 0 0 0 0 1 5 0 1 5 0 1 5 0 1 5 0 0 0 0 0 0 0 0 0 0 0 0 0
0 0 0 0 0 0 0 0 0 0 0 0 0 0 0 0 0 0 0 0 0 0 0 0 0 0 0 0 1 5 0 1 5 0 1 5 0 1 5 0 0 0 0 0 0 0 0 0 0 0 0 0
0 328 1 68 0 0 0 0 1 656 2 137 0 2 3 3 0 984 1312 1509 0 3 3 4 0 205 274 315 1 4 0 1 4 0 1 4 0 1 4 0 1 1 0 1 1 0 1 1 0 1 1 0
1 669 2 171 0 0 0 0 1 820 2 217 3 3 3 3 1641 1681 1694 1702 5 5 5 5 343 446 480 501 2 1 0 2 1 0 2 1 0 2 1 0 2 1 0 2 1 0 2 1 0 2 1 0
1 669 2 171 0 0 0 0 1 820 2 217 3 3 3 3 1641 1681 1694 1702 5 5 5 5 343 446 480 501 2 1 0 2 1 0 2 1 0 2 1 0 2 1 0 2 1 0 2 1 0 2 1 0
0 341 1 103 0 0 0 0 1 683 2 206 0 1 2 2 0 1024 1366 1571 0 3 3 4 0 309 411 473 1 4 0 1 4 0 1 4 0 1 4 0 1 1 0 1 1 0 1 1 0 1 1 0
0 0 0 0 0 0 0 0 0 0 0 0 0 0 0 0 0 0 0 0 0 0 0 0 0 0 0 0 1 5 0 1 5 0 1 5 0 1 5 0 0 0 0 0 0 0 0 0 0 0 0 0
0 0 0 0 0 0 0 0 0 0 0 0 0 0 0 0 0 0 0 0 0 0 0 0 0 0 0 0 1 5 0 1 5 0 1 5 0 1 5 0 0 0 0 0 0 0 0 0 0 0 0 0
0 0 0 0 0 0 0 0 0 0 0 0 0 0 0 0 0 0 0 0 0 0 0 0 0 0 0 0 1 5 0 1 5 0 1 5 0 1 5 0 0 0 0 0 0 0 0 0 0 0 0 0
0 256 0 56 0 0 0 0 0 512 1 113 0 1 1 1 0 769 1025 1179 0 2 3 3 0 169 226 260 1 4 0 1 4 0 1 4 0 1 4 0 1 1 0 1 1 0 1 1 0 1 1 0
0 256 0 56 0 0 0 0 0 512 1 113 0 1 1 1 0 769 1025 1179 0 2 3 3 0 169 226 260 2 2 0 2 2 0 2 2 0 2 2 0 1 1 0 1 1 0 1 1 0 1 1 0
0 256 0 56 0 0 0 0 0 512 1 113 0 1 1 1 0 769 1025 1179 0 2 3 3 0 169 226 260 1 4 0 1 4 0 1 4 0 1 4 0 1 1 0 1 1 0 1 1 0 1 1 0
0 0 0 0 0 0 0 0 0 0 0 0 0 0 0 0 0 0 0 0 0 0 0 0 0 0 0 0 1 5 0 1 5 0 1 5 0 1 5 0 0 0 0 0 0 0 0 0 0 0 0 0
0 0 0 0 0 0 0 0 0 0 0 0 0 0 0 0 0 0 0 0 0 0 0 0 0 0 0 0 1 5 0 1 5 0 1 5 0 1 5 0 0 0 0 0 0 0 0 0 0 0 0 0
0 0 0 0 0 0 0 0 0 0 0 0 0 0 0 0 0 0 0 0 0 0 0 0 0 0 0 0 1 5 0 1 5 0 1 5 0 1 5 0 0 0 0 0 0 0 0 0 0 0 0 0
0 44 0 32 0 0 0 0 1 89 1 64 0 2 3 3 0 133 178 205 0 2 3 3 0 96 127 147 1 4 0 1 4 0 1 4 0 1 4 0 1 1 0 1 1 0 1 1 0 1 1 0
0 44 0 32 0 0 0 0 1 89 1 64 0 2 3 3 0 133 178 205 0 2 3 3 0 96 127 147 2 2 0 2 2 0 2 2 0 2 2 0 1 1 0 1 1 0 1 1 0 1 1 0
1 386 1 146 0 0 0 0 1 666 2 221 3 3 3 3 223 1113 1410 1588 4 4 4 4 160 406 488 538 1 3 0 1 3 0 1 3 0 1 3 0 2 1 0 2 1 0 2 1 0 2 1 0
1 647 2 176 0 0 0 0 1 795 2 231 3 3 3 3 1531 1636 1671 1692 5 5 5 5 312 467 519 550 2 1 0 2 1 0 2 1 0 2 1 0 1 2 0 1 2 0 1 2 0 1 2 0
1 647 2 176 0 0 0 0 1 795 2 231 3 3 3 3 1531 1636 1671 1692 5 5 5 5 312 467 519 550 1 3 0 1 3 0 1 3 0 1 3 0 1 2 0 1 2 0 1 2 0 1 2 0
0 23 0 23 0 0 0 0 0 31 0 47 1 1 1 1 40 63 71 75 0 1 1 1 0 71 95 109 1 3 0 1 3 0 2 2 1 2 2 1 1 2 0 1 2 0 1 1 0 1 1 0
0 23 0 23 0 0 0 0 0 31 0 47 1 1 1 1 40 63 71 75 0 1 1 1 0 71 95 109 2 1 0 2 1 0 2 2 1 2 2 1 1 2 0 1 2 0 1 1 0 1 1 0
0 8 0 0 0 0 0 0 0 16 0 0 0 0 0 0 0 24 31 36 0 0 0 0 0 0 0 0 1 4 0 1 4 0 1 5 0 1 5 0 1 1 0 1 1 0 0 0 0 0 0 0
0 0 0 0 0 0 0 0 0 0 0 0 0 0 0 0 0 0 0 0 0 0 0 0 0 0 0 0 1 5 0 1 5 0 1 5 0 1 5 0 0 0 0 0 0 0 0 0 0 0 0 0
0 0 0 0 0 0 0 0 0 0 0 0 0 0 0 0 0 0 0 0 0 0 0 0 0 0 0 0 1 5 0 1 5 0 1 5 0 1 5 0 0 0 0 0 0 0 0 0 0 0 0 0
0 0 0 0 0 0 0 0 0 0 0 0 0 0 0 0 0 0 0 0 0 0 0 0 0 0 0 0 1 5 0 1 5 0 1 5 0 1 5 0 0 0 0 0 0 0 0 0 0 0 0 0
0 0 0 0 0 0 0 0 0 0 0 0 0 0 0 0 0 0 0 0 0 0 0 0 0 0 0 0 1 5 0 1 5 0 1 5 0 1 5 0 0 0 0 0 0 0 0 0 0 0 0 0
0 0 0 0 0 0 0 0 0 0 0 0 0 0 0 0 0 0 0 0 0 0 0 0 0 0 0 0 1 5 0 1 5 0 1 5 0 1 5 0 0 0 0 0 0 0 0 0 0 0 0 0
0 0 0 0 0 0 0 0 0 0 0 0 0 0 0 0 0 0 0 0 0 0 0 0 0 0 0 0 1 5 0 1 5 0 1 5 0 1 5 0 0 0 0 0 0 0 0 0 0 0 0 0
0 277 0 56 0 0 0 0 0 554 1 113 0 1 1 1 0 831 1108 1275 0 2 3 3 0 169 226 260 1 4 0 1 4 0 1 4 0 1 4 0 1 1 0 1 1 0 1 1 0 1 1 0
0 277 0 56 0 0 0 0 0 554 1 113 0 1 1 1 0 831 1108 1275 0 2 3 3 0 169 226 260 2 2 0 2 2 0 2 2 0 2 2 0 1 1 0 1 1 0 1 1 0 1 1 0
1 658 2 231 0 0 0 0 2 823 2 338 2 4 5 5 1386 1699 1803 1866 4 5 5 5 283 636 754 824 1 3 0 1 3 0 1 3 0 1 3 0 2 1 0 2 1 0 2 1 0 2 1 0
1 381 1 174 0 0 0 0 2 763 2 348 0 3 4 5 0 1144 1526 1755 0 3 4 5 0 523 697 802 2 2 0 2 2 0 2 2 0 2 2 0 1 1 0 1 1 0 1 1 0 1 1 0
2 712 2 243 0 0 0 0 2 876 2 341 5 5 5 5 1656 1807 1857 1887 5 5 5 5 344 660 766 829 2 1 0 2 1 0 2 1 0 2 1 0 2 1 0 2 1 0 2 1 0 2 1 0
1 331 1 68 0 0 0 0 2 662 2 137 0 3 3 4 0 993 1324 1523 0 3 3 4 0 206 275 316 2 2 1 2 2 1 2 2 1 2 2 1 1 1 0 1 1 0 1 1 0 1 1 0
0 0 0 0 0 0 0 0 0 0 0 0 0 0 0 0 0 0 0 0 0 0 0 0 0 0 0 0 1 5 0 1 5 0 1 5 0 1 5 0 0 0 0 0 0 0 0 0 0 0 0 0
0 0 0 0 0 0 0 0 0 0 0 0 0 0 0 0 0 0 0 0 0 0 0 0 0 0 0 0 1 5 0 1 5 0 1 5 0 1 5 0 0 0 0 0 0 0 0 0 0 0 0 0
0 0 0 0 0 0 0 0 0 0 0 0 0 0 0 0 0 0 0 0 0 0 0 0 0 0 0 0 1 5 0 1 5 0 1 5 0 1 5 0 0 0 0 0 0 0 0 0 0 0 0 0
0 0 0 0 0 0 0 0 0 0 0 0 0 0 0 0 0 0 0 0 0 0 0 0 0 0 0 0 1 5 0 1 5 0 1 5 0 1 5 0 0 0 0 0 0 0 0 0 0 0 0 0
0 0 0 0 0 0 0 0 0 0 0 0 0 0 0 0 0 0 0 0 0 0 0 0 0 0 0 0 1 5 0 1 5 0 1 5 0 1 5 0 0 0 0 0 0 0 0 0 0 0 0 0
0 0 0 0 0 0 0 0 0 0 0 0 0 0 0 0 0 0 0 0 0 0 0 0 0 0 0 0 1 5 0 1 5 0 1 5 0 1 5 0 0 0 0 0 0 0 0 0 0 0 0 0
0 0 0 0 0 0 0 0 0 0 0 0 0 0 0 0 0 0 0 0 0 0 0 0 0 0 0 0 1 5 0 1 5 0 1 5 0 1 5 0 0 0 0 0 0 0 0 0 0 0 0 0
0 0 0 0 0 0 0 0 0 0 0 0 0 0 0 0 0 0 0 0 0 0 0 0 0 0 0 0 1 5 0 1 5 0 1 5 0 1 5 0 0 0 0 0 0 0 0 0 0 0 0 0
1 342 1 123 0 0 0 0 2 684 2 246 0 3 3 4 0 1027 1369 1575 0 3 4 5 0 369 492 566 2 2 1 2 2 1 2 2 1 2 2 1 1 1 0 1 1 0 1 1 0 1 1 0
1 342 1 123 0 0 0 0 2 684 2 246 0 3 3 4 0 1027 1369 1575 0 3 4 5 0 369 492 566 2 2 1 2 2 1 2 2 1 2 2 1 1 1 0 1 1 0 1 1 0 1 1 0
0 0 0 0 0 0 0 0 0 0 0 0 0 0 0 0 0 0 0 0 0 0 0 0 0 0 0 0 1 5 0 1 5 0 1 5 0 1 5 0 0 0 0 0 0 0 0 0 0 0 0 0
0 0 0 0 0 0 0 0 0 0 0 0 0 0 0 0 0 0 0 0 0 0 0 0 0 0 0 0 1 5 0 1 5 0 1 5 0 1 5 0 0 0 0 0 0 0 0 0 0 0 0 0
0 44 0 32 0 0 0 0 1 70 1 46 1 2 2 2 40 125 154 171 1 2 2 2 40 88 103 113 1 3 0 1 3 0 1 3 0 1 3 0 1 2 0 1 2 0 1 2 0 1 2 0
0 44 0 32 0 0 0 0 1 70 1 46 1 2 2 2 40 125 154 171 1 2 2 2 40 88 103 113 2 1 0 2 1 0 2 1 0 2 1 0 1 2 0 1 2 0 1 2 0 1 2 0
1 299 1 76 1 40 1 40 0 518 1 106 2 2 2 2 125 849 1091 1236 1 2 3 3 56 192 238 265 1 2 0 1 2 0 1 2 0 1 2 0 2 1 0 2 1 0 2 1 0 2 1 0
0 291 1 68 0 0 0 0 0 522 1 110 2 2 2 2 125 849 1091 1236 1 2 3 3 56 192 238 265 2 1 0 2 1 0 2 1 0 2 1 0 1 2 0 1 2 0 1 2 0 1 2 0
0 25 0 11 0 0 0 0 0 50 0 22 0 1 1 1 0 75 99 114 0 0 0 0 0 33 44 51 1 4 0 1 4 0 1 4 0 1 4 0 1 1 0 1 1 0 1 1 0 1 1 0
0 0 0 0 0 0 0 0 0 0 0 0 0 0 0 0 0 0 0 0 0 0 0 0 0 0 0 0 1 5 0 1 5 0 1 5 0 1 5 0 0 0 0 0 0 0 0 0 0 0 0 0
0 0 0 0 0 0 0 0 0 0 0 0 0 0 0 0 0 0 0 0 0 0 0 0 0 0 0 0 1 5 0 1 5 0 1 5 0 1 5 0 0 0 0 0 0 0 0 0 0 0 0 0
0 0 0 0 0 0 0 0 0 0 0 0 0 0 0 0 0 0 0 0 0 0 0 0 0 0 0 0 1 5 0 1 5 0 1 5 0 1 5 0 0 0 0 0 0 0 0 0 0 0 0 0
0 0 0 0 0 0 0 0 0 0 0 0 0 0 0 0 0 0 0 0 0 0 0 0 0 0 0 0 1 5 0 1 5 0 1 5 0 1 5 0 0 0 0 0 0 0 0 0 0 0 0 0
0 0 0 0 0 0 0 0 0 0 0 0 0 0 0 0 0 0 0 0 0 0 0 0 0 0 0 0 1 5 0 1 5 0 1 5 0 1 5 0 0 0 0 0 0 0 0 0 0 0 0 0
0 0 0 0 0 0 0 0 0 0 0 0 0 0 0 0 0 0 0 0 0 0 0 0 0 0 0 0 1 5 0 1 5 0 1 5 0 1 5 0 0 0 0 0 0 0 0 0 0 0 0 0
0 306 1 68 0 0 0 0 1 613 2 137 0 1 2 2 0 920 1227 1411 0 3 3 4 0 206 275 316 2 2 1 2 2 1 2 2 1 2 2 1 1 1 0 1 1 0 1 1 0 1 1 0
0 306 1 68 0 0 0 0 1 613 2 137 0 1 2 2 0 920 1227 1411 0 3 3 4 0 206 275 316 2 2 1 2 2 1 2 2 1 2 2 1 1 1 0 1 1 0 1 1 0 1 1 0
0 0 0 0 0 0 0 0 0 0 0 0 0 0 0 0 0 0 0 0 0 0 0 0 0 0 0 0 1 5 0 1 5 0 1 5 0 1 5 0 0 0 0 0 0 0 0 0 0 0 0 0
0 0 0 0 0 0 0 0 0 0 0 0 0 0 0 0 0 0 0 0 0 0 0 0 0 0 0 0 1 5 0 1 5 0 1 5 0 1 5 0 0 0 0 0 0 0 0 0 0 0 0 0
0 0 0 0 0 0 0 0 0 0 0 0 0 0 0 0 0 0 0 0 0 0 0 0 0 0 0 0 1 5 0 1 5 0 1 5 0 1 5 0 0 0 0 0 0 0 0 0 0 0 0 0
0 325 1 80 0 0 0 0 1 650 2 160 0 2 3 3 0 975 1299 1495 0 3 4 5 0 240 319 368 2 2 1 2 2 1 2 2 1 2 2 1 1 1 0 1 1 0 1 1 0 1 1 0
0 325 1 80 0 0 0 0 1 650 2 160 0 2 3 3 0 975 1299 1495 0 3 4 5 0 240 319 368 2 2 1 2 2 1 2 2 1 2 2 1 1 1 0 1 1 0 1 1 0 1 1 0
0 0 0 0 0 0 0 0 0 0 0 0 0 0 0 0 0 0 0 0 0 0 0 0 0 0 0 0 1 5 0 1 5 0 1 5 0 1 5 0 0 0 0 0 0 0 0 0 0 0 0 0
0 0 0 0 0 0 0 0 0 0 0 0 0 0 0 0 0 0 0 0 0 0 0 0 0 0 0 0 1 5 0 1 5 0 1 5 0 1 5 0 0 0 0 0 0 0 0 0 0 0 0 0
