0 14 1619 12 1154
1 2 104 2 104
2 1 52 2 104
3 2 150 2 150
4 4 254 4 254
5 7 403 7 403
6 4 740 4 292
7 6 388 4 328
8 26 5681 23 15188
9 33 3805 125 150032
10 21 2811 20 5734
11 26 6214 33 15426
12 3 174 4 2044
13 43 7389 31 15062
14 28 4077 25 12964
15 7 1059 3 156
16 19 1645 14 6276
17 30 2641 22 13583
18 3 369 0 0
19 27 1915 55 66484
20 62 4715 60 55364
21 36 1872 36 39040
22 31 5312 30 24974
23 20 2176 21 10669
24 27 6910 24 16564
25 108 9479 138 167229
26 101 12177 110 106635
27 136 21950 255 282769
28 105 10639 119 148565
29 173 11326 204 245534
30 126 13162 245 281979
31 74 4886 77 85359
32 182 17470 329 359755
33 81 6824 100 118664
34 45 6321 119 138129
35 149 14338 97 94470
36 161 18522 186 184350
37 138 8597 200 250936
38 54 4418 108 135230
39 58 4079 215 262629
40 87 10052 96 83292
41 52 6748 84 75682
42 112 11007 81 85673
43 52 6811 51 36027
44 66 6117 77 87885
45 44 3488 57 72930
46 130 19844 131 85102
47 24 3135 26 18518
48 7 1004 3 2234
49 7 1354 0 0
50 31 3856 28 14165
51 66 10269 57 37339
52 104 16574 92 65617
53 144 13614 160 149621
54 120 14323 204 187246
55 57 3476 93 104621
56 8 416 24 27349
57 11 572 9 4663
58 1 63 3 1489
59 7 1230 3 645
60 4 270 3 144
61 10 527 5 291
62 49 2768 50 65946
63 69 3652 92 117960
64 8 480 7 352
65 20 2582 20 4432
66 3 256 1 124
67 9 468 10 660
68 5 284 4 208
69 17 1997 8 509
70 41 4242 66 62430
71 56 6833 109 112141
72 23 2663 15 8457
73 7 376 5 260
74 8 494 10 598
75 11 567 9 499
76 35 12308 32 15359
77 27 2752 23 5618
78 114 33386 122 95333
79 66 8495 85 56618
80 46 7933 40 29231
81 97 14710 93 51348
82 59 7528 104 108836
83 20 2667 14 8118
84 2 104 5 260
85 12 738 9 488
86 2 120 1 52
87 5 449 2 104
88 10 619 8 420
89 30 11400 47 43592
90 23 1837 32 33331
91 19 2245 16 5590
92 75 20569 117 107325
93 54 14114 54 35609
94 98 12477 89 49451
95 149 25016 143 106128
96 23 1713 21 13965
97 6 405 8 2169
98 8 476 5 264
99 48 11613 47 37101
100 64 3379 159 208289
101 20 2321 7 2470
102 6 1099 6 457
103 42 3334 42 43290
104 58 5850 170 218638
105 121 10735 20 18775
106 37 5343 49 39157
107 60 13935 79 76399
108 23 1196 10 10988
109 1 52 4 208
110 1 67 1 56
111 4 223 4 212
112 3 230 3 164
113 5 400 1 98
114 12 702 13 839
115 0 0 1 52
116 20 1243 13 1195
117 2 189 7 364
118 4 208 5 260
119 18 1494 15 1558
120 4 278 3 156
121 4 232 0 0
122 20 2447 26 18956
123 8 4031 0 0
124 28 4373 18 7061
125 16 2790 13 1548
126 8 490 4 208
127 13 3450 20 5702
128 28 7550 15 3014
129 66 8521 87 73855
130 51 3352 72 84878
131 46 14252 59 56655
132 40 3579 72 81864
133 30 7469 34 21942
134 29 5450 46 45482
135 8 416 34 39610
136 10 508 19 20367
137 10 1064 10 559
138 6 240 8 8009
139 3 177 3 191
140 6 414 6 339
141 7 407 6 320
142 10 683 8 579
143 3 156 3 156
144 3 1222 3 1459
145 10 5580 56 73204
146 30 4064 68 74408
147 89 15554 84 78315
148 35 4453 54 58384
149 78 10305 70 32896
150 24 4437 30 7358
151 38 3251 36 35696
152 84 5165 78 87479
153 5 4279 12 14563
154 0 0 1 1385
155 4 252 0 0
156 0 0 3 144
157 1 52 1 52
158 14 759 11 600
159 4 208 4 208
160 4 208 4 208
161 3 156 3 156
162 0 0 0 0
163 1 52 1 52
164 0 0 1 40
165 0 0 0 0
166 2 104 2 104
167 15 1014 14 982
168 8 404 9 444
169 27 1658 21 1808
170 16 4260 24 18763
171 49 7528 65 17531
172 25 2926 24 8775
173 0 0 1 52
174 5 680 7 495
175 1 69 1 57
176 2 143 1 91
177 4 208 2 104
178 4 196 4 196
179 10 660 6 389
180 8 542 6 312
181 8 675 6 368
182 0 0 0 0
183 4 1531 5 357
184 10 660 8 421
185 0 0 0 0
186 0 0 0 0
187 4 332 3 241
188 12 745 11 638
189 3 202 2 150
190 0 0 0 0
191 3 156 3 156
192 0 0 0 0
193 0 0 0 0
194 1 52 1 52
195 0 0 0 0
196 2 143 1 91
197 0 0 0 0
198 3 175 1 52
199 2 104 3 144
200 4 286 2 182
201 3 156 3 156
202 0 0 0 0
203 0 0 0 0
204 1 52 1 52
205 0 0 0 0
206 0 0 0 0
207 2 143 2 143
208 1 52 0 0
209 3 144 4 196
210 1 52 0 0
211 4 208 1 52
212 11 5352 13 8845
213 0 0 0 0
214 0 0 0 0
215 7 427 6 312
216 126 21717 462 629765
217 240 12480 18 23830
218 149 9991 22 21396
219 85 22590 138 149444
220 37 6822 33 37170
221 3 156 5 6915
222 7 427 6 312
223 4 271 2 104
224 9 561 9 468
225 4 285 3 156
226 4 286 2 182
227 9 797 1 60
228 1 326 0 0
229 49 7438 37 6058
230 12 3770 18 6765
231 14 2898 5 348
232 70 10931 131 122887
233 47 3886 23 2875
234 25 5045 32 7637
235 3 156 3 180
236 1 52 2 104
237 1 712 1 52
238 2 104 2 934
239 2 194 2 104
240 10 2593 12 3370
241 1 52 3 2822
242 3 156 0 0
243 8 1603 7 426
244 5 391 6 382
245 4 298 5 260
246 17 1136 14 1674
247 19 2855 17 2614
248 4 271 4 208
249 0 0 0 0
250 12 1860 36 33907
251 21 1708 230 313977
252 7 3075 5 260
253 18 7196 137 174185
254 7 699 21 23141
255 1 666 1 59
256 10 2685 7 1140
257 9 3732 45 52683
258 13 3384 3 164
259 63 7549 96 81820
260 18 2078 21 3039
261 2 104 3 156
262 1 52 1 52
263 6 307 5 1593
264 22 1729 33 36742
265 10 690 8 992
266 0 0 0 0
267 3 195 3 195
268 81 10426 84 59066
269 73 7003 87 95258
270 23 5551 1 52
271 11 2108 4 208
272 5 991 1 52
273 4 952 4 256
274 58 5982 45 24934
275 100 13928 70 21673
276 138 9574 218 222667
277 45 2403 42 54487
278 20 1545 14 1511
279 69 3877 123 167929
280 53 3531 77 102193
281 61 4512 120 129959
282 43 3057 154 200778
283 121 10380 354 463056
284 65 5575 122 140160
285 28 3358 38 44785
286 113 9480 105 89660
287 36 5279 24 8396
288 8 4247 1 91
289 27 2450 26 31396
290 21 5202 7 658
291 35 4310 39 16007
292 73 9180 163 175619
293 124 10566 247 300445
294 49 14330 42 26871
295 47 8607 60 61314
296 34 2610 85 96705
297 3 393 39 48004
298 19 3136 13 5091
299 20 1326 19 5755
300 34 6292 31 9171
301 69 9836 44 22832
302 49 3868 53 35334
303 62 9851 54 22481
304 22 2280 20 6755
305 23 3034 27 10372
306 16 1660 5 4880
307 34 7497 30 28293
308 9 1455 6 694
309 39 3055 36 5193
310 29 4343 22 20482
311 26 2619 26 8787
312 38 5743 21 9788
313 113 11848 109 58384
314 57 7643 27 18025
315 60 9485 44 16289
316 62 12173 45 26800
317 9 699 4 469
318 1 52 48 60433
319 1 52 4 212
320 3 156 2 104
321 0 0 0 0
322 0 0 0 0
323 6 312 7 364
324 4 208 4 1541
325 2 104 1 52
326 12 738 14 881
327 0 0 0 0
328 1 52 2 104
329 3 156 0 0
330 1 52 3 156
331 0 0 0 0
332 0 0 0 0
333 6 312 6 312
334 3 156 3 156
335 4 309 3 156
336 32 4187 17 1868
337 116 8478 80 6870
338 80 16851 124 100049
339 97 19212 64 32372
340 20 4930 25 19276
341 83 7224 34 5770
342 62 13490 52 23401
343 65 12775 66 30173
344 63 13572 40 17777
345 9 500 57 10986
346 24 1674 28 13971
347 114 12681 32 17484
348 116 12318 193 96813
349 98 5884 76 25336
350 61 5412 19 6202
351 80 4252 26 24821
352 19 1297 14 1504
353 12 843 7 739
354 1 52 0 0
355 5 1304 14 11346
356 58 11025 31 25053
357 75 6023 100 45827
358 62 5370 34 23671
359 26 5368 4 184
360 48 8886 65 54135
361 45 3730 19 2874
362 30 2045 28 20969
363 101 10223 79 19159
364 34 3542 29 18848
365 12 760 10 12633
366 48 4375 56 37136
367 11 572 13 7078
368 6 312 6 312
369 5 299 8 431
370 3 152 3 144
371 14 704 12 612
372 7 954 7 437
373 9 468 9 468
374 8 461 7 457
375 2 528 1 658
376 11 572 12 732
377 6 358 5 260
378 10 551 10 568
379 35 3334 22 1262
380 30 4035 30 9909
381 32 3046 13 4759
382 42 4370 31 8347
383 14 1327 12 7338
384 6 300 5 248
385 3 172 3 176
386 4 224 6 339
387 8 392 6 312
388 12 656 12 664
389 4 240 3 196
390 1 52 2 104
391 8 1543 5 300
392 12 644 11 611
393 2 135 2 92
394 0 0 0 0
395 4 247 4 247
396 1 91 2 143
397 6 300 5 248
398 9 468 7 364
399 3 156 4 172
400 1 52 1 52
401 5 260 5 248
402 11 605 8 509
403 6 353 6 300
404 6 353 6 482
405 2 104 1 52
406 12 741 11 689
407 11 1505 10 1767
408 6 1158 6 2165
409 10 754 8 460
410 6 406 4 196
411 14 854 14 806
412 1 52 1 52
413 7 415 7 352
414 0 0 0 0
415 10 699 8 532
416 2 143 2 143
417 9 531 9 468
418 4 208 0 0
419 1 52 5 260
420 1 52 1 52
421 11 1176 7 573
422 3 195 3 1083
423 6 332 7 392
424 1 485 0 0
425 28 7697 21 12554
426 36 10781 34 9451
427 82 18341 70 49957
428 34 4584 23 8775
429 22 3133 21 11485
430 8 841 16 10587
431 31 2894 24 14899
432 51 6112 67 50430
433 40 9533 25 7146
434 84 28838 158 161633
435 76 5716 48 41506
436 92 7380 92 83224
437 32 6793 9 2009
438 9 432 10 957
439 8 416 9 499
440 0 0 0 0
441 28 2777 25 9308
442 4 227 2 114
443 5 260 8 416
444 26 1885 45 48317
445 2 104 2 104
446 7 427 6 312
447 14 922 10 737
448 16 3236 16 3701
449 17 10485 15 4407
450 98 34863 144 147547
451 156 44996 230 223354
452 112 22075 98 102586
453 187 41345 177 156699
454 127 29131 180 173992
455 197 43815 130 124604
456 124 31912 135 86784
457 159 53540 98 53378
458 152 76686 97 34695
459 99 71129 74 34741
460 105 71656 101 61205
461 150 71770 134 115534
462 122 32827 159 153158
463 98 5859 168 202994
464 40 7265 85 96365
465 139 19774 138 162484
466 24 1376 19 16220
467 45 3623 80 78497
468 60 7167 56 30741
469 55 5248 65 52250
470 55 13071 48 31528
471 63 8576 85 77342
472 27 7227 20 8937
473 9 745 6 702
474 5 421 4 220
475 6 312 7 364
476 17 1019 13 801
477 18 1164 11 973
478 30 6249 22 8144
479 40 10670 42 12496
480 47 10328 71 60336
481 29 1523 44 44052
482 4 242 4 290
483 1 61 0 0
484 4 247 5 265
485 6 841 9 5003
486 7 364 3 156
487 2 104 0 0
488 4 208 6 312
489 3 202 3 144
490 17 1603 15 5518
491 9 468 7 364
492 14 2436 14 4130
493 11 721 10 538
494 23 3904 28 12783
495 32 2308 17 1779
496 38 15482 38 16942
497 87 4600 164 214985
498 85 10195 185 230273
499 45 5433 38 12748
500 10 622 9 546
501 9 982 6 374
502 4 235 7 437
503 5 1295 6 371
504 5 5061 1 52
505 38 2102 54 64277
506 7 364 9 468
507 0 0 3 156
508 5 299 5 299
509 3 202 2 104
510 7 5155 3 202
511 35 1922 76 93267
512 5 306 6 351
513 4 286 4 293
514 1 52 2 143
515 7 495 4 208
516 9 546 9 599
517 40 6878 79 91326
518 4 254 3 202
519 4 208 4 208
520 5 333 3 195
521 3 195 3 195
522 6 312 5 260
523 53 7588 53 64803
524 2 104 1 52
525 3 156 3 156
526 4 208 4 208
527 7 456 7 456
528 0 0 0 0
529 39 6823 57 65357
530 0 0 0 0
531 10 621 6 413
532 3 156 3 156
533 5 323 4 208
534 0 0 0 0
535 36 6656 67 80856
536 15 5606 12 8836
537 2 104 2 104
538 7 442 7 442
539 7 410 6 358
540 0 0 0 0
541 5 260 3 156
542 4 232 0 0
543 3 183 7 427
544 2 104 1 52
545 0 0 0 0
546 6 347 6 343
547 4 208 4 208
548 9 468 6 312
549 0 0 0 0
550 8 518 4 247
551 5 299 4 247
552 6 375 3 156
553 6 390 6 390
554 2 150 1 98
555 2 150 1 98
556 3 156 3 156
557 4 254 3 202
558 8 494 7 442
559 0 0 0 0
560 1 52 1 52
561 0 0 0 0
562 0 0 0 0
563 2 104 2 104
564 0 0 0 0
565 0 0 0 0
566 2 104 2 104
567 7 403 5 299
568 6 358 1 98
569 1 52 4 208
570 4 281 3 195
571 4 293 4 293
572 2 143 1 91
573 5 272 5 284
574 10 728 7 514
575 4 286 4 286
576 2 150 1 98
577 1 52 2 92
578 8 518 6 363
579 5 299 4 247
580 18 1113 15 857
581 7 458 6 324
582 0 0 0 0
583 2 104 0 0
584 10 674 8 508
585 7 487 5 352
586 1 52 0 0
587 2 104 2 104
588 0 0 0 0
589 2 143 1 91
590 0 0 0 0
591 0 0 0 0
592 0 0 0 0
593 0 0 0 0
594 0 0 0 0
595 0 0 0 0
596 7 505 2 182
597 2 104 3 156
598 0 0 0 0
599 0 0 0 0
600 0 0 0 0
601 2 143 1 91
602 0 0 0 0
603 0 0 0 0
604 4 271 2 104
605 0 0 0 0
606 0 0 0 0
607 9 608 5 260
608 0 0 1 52
609 4 285 2 104
610 0 0 0 0
611 2 143 1 91
612 0 0 0 0
613 0 0 0 0
614 0 0 0 0
615 2 150 1 98
616 4 286 2 182
617 0 0 0 0
618 1 52 1 52
619 0 0 0 0
620 0 0 0 0
621 4 271 2 104
622 0 0 0 0
623 0 0 0 0
624 4 271 3 156
625 4 271 3 156
626 15 5623 12 8783
627 0 0 1 40
628 17 1140 12 687
629 0 0 0 0
630 0 0 0 0
631 0 0 0 0
632 5 299 4 223
633 0 0 0 0
634 0 0 0 0
635 0 0 0 0
636 1 52 1 52
637 0 0 0 0
638 4 285 3 156
639 5 313 4 239
640 0 0 0 0
641 0 0 0 0
642 4 271 2 104
643 0 0 0 0
644 0 0 0 0
645 0 0 0 0
646 0 0 0 0
647 1 52 1 52
648 0 0 0 0
649 0 0 0 0
650 8 542 6 312
651 0 0 0 0
652 11 1281 8 4103
653 8 1487 6 1472
654 1 52 2 104
655 4 271 2 104
656 0 0 0 0
657 1 52 1 52
658 1 60 1 60
659 49 9251 74 75944
660 106 24614 96 68085
661 57 7130 44 23123
662 60 17567 46 35281
663 102 44407 172 181095
664 217 30826 304 395947
665 308 28768 478 613296
666 170 20135 53 51355
667 167 8809 269 348714
668 73 10025 108 139057
669 45 7814 56 54188
670 99 33376 119 122623
671 88 24026 149 180365
672 50 14507 85 100280
673 43 8439 102 127576
674 30 7735 62 75000
675 141 7344 182 238174
676 28 1456 15 16699
677 0 0 0 0
678 2 116 2 112
679 0 0 0 0
680 0 0 0 0
681 1 52 1 52
682 4 216 3 164
683 4 208 4 208
684 9 985 9 6287
685 0 0 0 0
686 10 1877 13 7770
687 8 2493 16 10802
688 16 832 6 5700
689 11 892 5 856
690 47 12765 33 15027
691 7 481 6 723
692 88 6801 114 139647
693 32 2550 31 20325
694 28 2765 19 6181
695 64 8837 48 27617
696 34 4045 35 15435
697 44 6866 37 16112
698 7 376 11 3781
699 68 8153 96 82475
700 131 15980 151 143384
701 89 13248 92 60042
702 12 1285 10 2961
703 29 4527 20 3209
704 60 21199 76 54970
705 2 170 1 52
706 6 1266 6 1810
707 6 312 6 374
708 4 274 3 219
709 1 166 0 0
710 22 2753 21 15700
711 8 2228 3 191
712 21 10548 15 2737
713 16 2862 15 3224
714 20 3503 19 8135
715 13 1772 5 1614
716 25 7562 14 1731
717 73 8846 68 38894
718 35 4758 24 7978
719 42 12017 49 30662
720 21 1758 3 156
721 3 529 0 0
722 6 402 5 4295
723 17 1444 13 2134
724 5 260 3 156
725 9 1372 11 6605
726 4 220 3 156
727 5 350 1 52
728 3 144 6 300
729 5 260 5 284
730 5 384 4 281
731 1 142 0 0
732 1 52 1 52
733 4 208 3 156
734 3 156 4 208
735 1 52 1 52
736 3 220 3 144
737 19 2873 13 2152
738 21 6786 7 1328
739 6 2634 1 52
740 6 2702 0 0
741 32 6423 17 8909
742 74 6606 127 131787
743 26 3784 24 18025
744 43 6959 30 11383
745 37 7702 39 16351
746 34 2362 30 15878
747 6 1743 6 2240
748 12 1175 15 1243
749 3 2169 0 0
750 2 1113 0 0
751 0 0 0 0
752 4 1217 0 0
753 5 299 7 403
754 3 195 2 104
755 5 260 6 351
756 3 1165 2 108
757 5 345 3 195
758 1 52 3 247
759 7 382 6 310
760 2 189 0 0
761 2 104 4 293
762 2 240 0 0
763 3 156 1 98
764 13 864 11 630
765 4 208 3 156
766 1 52 1 52
767 1 52 2 104
768 1 52 1 52
769 11 659 11 776
770 7 411 4 255
771 1 52 1 52
772 4 254 3 202
773 0 0 0 0
774 8 447 8 447
775 19 1988 12 1480
776 35 2535 64 69351
777 8 462 4 239
778 7 446 6 397
779 8 538 10 7233
780 21 1236 19 24349
781 12 624 6 312
782 0 0 0 0
783 1 160 1 52
784 52 2704 71 95256
785 21 1092 2 104
786 1 52 1 52
787 1 52 0 0
788 0 0 1 52
789 10 539 9 456
790 8 517 7 403
791 3 202 2 150
792 3 187 3 156
793 80 5374 135 172411
794 238 21938 279 300463
795 137 14058 131 181662
796 83 8112 181 200018
797 61 5387 112 141994
798 65 7295 76 79140
799 90 5693 83 76432
800 56 4059 68 16823
801 65 4260 69 80825
802 8 416 39 50745
803 80 10461 60 25159
804 100 10918 196 236542
805 29 1992 66 73730
806 132 7297 116 151698
807 31 1790 4 692
808 4 667 0 0
809 6 324 6 312
810 3 144 4 196
811 4 460 3 159
812 18 1203 75 91387
813 106 9540 98 75261
814 83 13357 57 20977
815 10 783 7 2002
816 22 3456 19 6823
817 121 13850 88 55759
818 48 5387 36 6560
819 65 7959 48 23092
820 11 560 10 1452
821 4 254 3 202
822 5 337 4 273
823 8 672 6 3152
824 7 427 4 220
825 2 104 5 248
826 5 260 3 156
827 3 156 5 260
828 1 52 1 52
829 20 1783 17 4557
830 33 5022 29 7669
831 2 104 1 52
832 5 337 6 377
833 9 688 5 3105
834 8 557 5 338
835 4 208 4 208
836 1 52 1 52
837 5 260 5 260
838 0 0 0 0
839 3 156 3 156
840 4 208 4 208
841 1 52 0 0
842 1 52 2 104
843 4 387 3 2972
844 2 104 2 104
845 4 208 4 208
846 4 243 4 239
847 4 208 4 208
848 1 52 1 52
849 1 52 1 52
850 5 260 4 208
851 1 52 2 104
852 2 104 2 104
853 4 387 4 3046
854 0 0 0 0
855 2 104 2 104
856 2 104 2 104
857 4 208 4 208
858 8 462 5 306
859 2 143 2 143
860 5 260 5 260
861 2 104 2 104
862 17 1321 11 825
863 5 439 5 3169
864 0 0 0 0
865 11 674 9 543
866 6 375 4 208
867 1 52 1 52
868 5 260 5 260
869 0 0 0 0
870 15 852 13 712
871 8 464 9 468
872 7 466 5 299
873 15 1125 11 3490
874 9 615 5 318
875 2 104 4 208
876 12 672 12 624
877 9 576 6 374
878 5 299 4 293
879 3 180 3 168
880 3 156 3 156
881 1 52 1 52
882 0 0 0 0
883 9 686 6 3148
884 0 0 0 0
885 0 0 0 0
886 4 208 2 104
887 12 827 9 468
888 1 52 1 52
889 0 0 0 0
890 3 156 2 104
891 3 156 3 156
892 0 0 0 0
893 4 387 4 3024
894 0 0 0 0
895 0 0 0 0
896 2 104 2 104
897 2 104 2 104
898 0 0 0 0
899 1 52 1 52
900 0 0 0 0
901 3 156 3 156
902 0 0 0 0
903 4 387 4 3020
904 0 0 0 0
905 0 0 0 0
906 2 104 2 104
907 2 104 2 104
908 0 0 0 0
909 0 0 0 0
910 0 0 0 0
911 7 441 6 312
912 4 271 2 104
913 4 387 3 2977
914 0 0 0 0
915 8 556 4 208
916 5 323 0 0
917 3 156 6 312
918 1 52 1 52
919 0 0 0 0
920 0 0 0 0
921 7 442 6 390
922 0 0 0 0
923 12 981 7 3327
924 4 271 3 168
925 0 0 0 0
926 0 0 0 0
927 4 208 2 104
928 0 0 2 104
929 2 104 0 0
930 5 260 3 156
931 31 4498 26 13994
932 7 442 5 338
933 7 473 6 370
934 0 0 0 0
935 6 312 3 156
936 3 202 3 202
937 18 3079 23 4892
938 70 15046 67 16797
939 22 6177 4 1365
940 38 4963 29 24818
941 34 8216 58 62151
942 17 6034 13 1420
943 1 52 2 104
944 50 18719 39 16281
945 52 7042 64 32216
946 31 6606 23 25281
947 10 1402 6 416
948 24 7824 11 866
949 45 18589 48 33853
950 37 5078 51 32818
951 28 6786 24 20466
952 0 0 0 0
953 0 0 0 0
954 22 7327 21 24164
955 19 5986 11 1645
956 34 5090 36 17956
957 54 6741 38 19145
958 37 11802 46 39260
959 6 411 5 562
960 0 0 0 0
961 3 187 1 52
962 7 5210 12 7256
963 13 1582 10 884
964 1 52 1 52
965 17 3425 16 8501
966 10 1028 2 2235
967 8 1040 6 336
968 6 861 3 144
969 9 1783 10 7654
970 19 1737 20 6152
971 31 3854 23 8527
972 8 1756 6 1367
973 3 480 1 52
974 5 408 6 1003
975 39 30584 32 22233
976 25 2655 18 11590
977 16 1099 13 1383
978 54 11432 46 10694
979 7 598 41 43291
980 9 603 9 924
981 23 2493 16 5302
982 20 2469 17 5069
983 31 3456 24 14083
984 32 3982 22 4770
985 41 11999 33 23728
986 70 5377 57 39657
987 18 2537 11 11588
988 63 13327 112 106290
989 76 5611 261 335983
990 198 10957 300 407163
991 150 8504 405 552843
992 138 8381 270 356119
993 178 11419 542 730370
994 43 6059 173 223511
995 70 8511 294 377772
996 54 5407 108 128783
997 36 2994 27 16752
998 23 1196 279 388418
999 25 1355 650 899980
1000 7 442 121 162390
1001 1 52 0 0
1002 10 568 186 257183
1003 70 4288 459 639878
1004 14 728 369 515493
1005 33 1939 494 676730
1006 31 9853 193 241427
1007 21 3002 26 11462
1008 1 52 1 52
1009 1 52 1 52
1010 23 8801 17 9697
1011 33 3934 49 33642
1012 34 14832 50 33888
1013 44 7325 42 19020
1014 5 260 5 679
1015 3 156 4 208
1016 17 1792 12 1304
1017 30 9783 35 15229
1018 23 2902 21 3738
1019 4 1097 8 882
1020 5 278 4 208
1021 18 1986 16 9920
1022 0 0 0 0
1023 4 233 3 192
1024 10 1017 16 12855
1025 3 156 3 156
1026 1 40 1 40
1027 2 119 1 57
1028 6 324 6 380
1029 8 1948 7 2390
1030 24 3606 30 20130
1031 14 1693 12 3223
1032 2 112 3 163
1033 0 0 0 0
1034 0 0 0 0
1035 2 143 5 428
1036 6 351 4 196
1037 2 114 2 98
1038 10 2010 8 557
1039 4 235 5 323
1040 4 208 4 208
1041 5 369 2 189
1042 0 0 0 0
1043 4 271 1 91
1044 3 144 3 219
1045 0 0 0 0
1046 7 395 5 291
1047 5 333 5 333
1048 13 14165 1 91
1049 37 17356 36 29457
1050 6 966 2 1742
1051 5 478 4 208
1052 64 13235 52 51872
1053 83 4316 83 101426
1054 32 16297 7 3425
1055 61 5677 88 59224
1056 12 662 21 18576
1057 12 1301 12 5897
1058 3 187 3 187
1059 46 4569 36 18788
1060 16 1658 13 6333
1061 19 7534 13 9856
1062 17 10440 16 4614
1063 4 733 8 6441
1064 35 8209 26 11793
1065 9 622 10 6243
1066 1 52 0 0
1067 0 0 1 52
1068 2 310 1 40
1069 4 334 2 155
1070 0 0 1 52
1071 2 104 2 104
1072 5 299 5 337
1073 8 547 5 430
1074 6 481 5 306
1075 0 0 0 0
1076 0 0 0 0
1077 1 52 2 92
1078 2 92 2 92
1079 2 104 2 104
1080 1 52 1 52
1081 6 429 6 429
1082 4 208 4 208
1083 4 1409 3 1185
1084 15 1494 12 5976
1085 47 12686 40 10585
1086 12 1977 8 7457
1087 10 6116 20 17470
1088 33 7287 29 23614
1089 36 5170 48 47730
1090 43 2996 46 34690
1091 28 11282 32 27025
1092 47 18309 28 22072
1093 64 17412 86 71295
1094 2 104 8 936
1095 1 52 1 52
1096 2 104 2 135
1097 0 0 0 0
1098 7 383 7 400
1099 4 235 1 40
1100 8 508 6 416
1101 2 92 2 104
1102 2 104 2 104
1103 6 375 6 312
1104 4 208 2 104
1105 5 345 3 241
1106 21 6903 20 13420
1107 14 3580 17 4738
1108 41 12611 36 34153
1109 21 6144 37 35726
1110 29 4547 21 8040
1111 3 195 2 143
1112 3 168 5 337
1113 1 52 0 0
1114 5 383 1 52
1115 11 1942 7 476
1116 8 526 3 973
1117 6 929 0 0
1118 15 2449 6 838
1119 7 1103 1 52
1120 15 3125 6 1817
1121 5 284 2 116
1122 9 1814 4 1301
1123 5 510 0 0
1124 24 16744 12 911
1125 24 5220 21 11437
1126 7 364 3 398
1127 4 390 3 177
1128 6 384 6 1153
1129 3 144 3 164
1130 2 135 1 52
1131 9 2139 5 3788
1132 5 1464 7 4663
1133 10 683 6 1753
1134 0 0 0 0
1135 0 0 0 0
1136 40 4912 27 3552
1137 16 2492 16 4821
1138 17 2646 13 3326
1139 6 781 2 104
1140 8 1718 0 0
1141 7 427 0 0
1142 8 1401 0 0
1143 7 442 0 0
1144 9 1156 0 0
1145 7 956 0 0
1146 6 450 0 0
1147 2 175 0 0
1148 5 424 0 0
1149 10 877 0 0
1150 5 1242 2 116
1151 15 2578 12 2233
1152 9 581 7 648
1153 8 659 35 41890
1154 4 3254 3 357
1155 46 15400 49 22018
1156 47 12226 55 11259
1157 8 5124 5 371
1158 5 299 5 690
1159 9 4122 0 0
1160 2 1526 0 0
1161 5 400 1 91
1162 1 1397 0 0
1163 0 0 0 0
1164 1 129 0 0
1165 0 0 0 0
1166 1 1397 0 0
1167 1 52 0 0
1168 2 189 0 0
1169 5 507 0 0
1170 0 0 0 0
1171 2 189 0 0
1172 0 0 0 0
1173 3 202 2 189
1174 1 98 0 0
1175 2 1488 1 64
1176 3 303 0 0
1177 1 91 0 0
1178 0 0 0 0
1179 1 91 0 0
1180 2 304 0 0
1181 1 91 0 0
1182 12 1007 0 0
1183 4 450 0 0
1184 3 156 3 156
1185 3 156 3 1728
1186 47 11006 104 56951
1187 90 60394 245 129076
1188 176 9468 379 292286
1189 38 4818 335 192039
1190 142 7486 526 302465
1191 87 4524 570 327563
1192 413 21599 596 338701
1193 98 5096 446 256422
1194 2 317 0 0
1195 0 0 0 0
1196 2 189 0 0
1197 12 6563 0 0
1198 3 280 0 0
1199 2 189 0 0
1200 3 234 1 91
1201 5 369 0 0
1202 4 1756 0 0
1203 1 91 0 0
1204 4 513 0 0
1205 2 269 0 0
1206 1 175 0 0
1207 1 115 0 0
1208 1 154 1 64
1209 1 98 0 0
1210 2 143 1 98
1211 2 167 2 143
1212 1 1397 1 64
1213 3 336 1 40
1214 4 310 5 350
1215 4 370 3 195
1216 4 184 5 384
1217 3 318 2 143
1218 0 0 0 0
1219 0 0 0 0
1220 0 0 0 0
1221 0 0 0 0
1222 0 0 0 0
1223 0 0 0 0
1224 0 0 0 0
1225 0 0 0 0
1226 28 14326 21 19702
1227 10 1100 38 38973
1228 7 5151 8 2405
1229 5 5005 8 7190
1230 16 4257 42 42646
1231 23 8884 33 4396
1232 8 1052 9 2740
1233 1 91 0 0
1234 3 219 0 0
1235 2 143 0 0
1236 0 0 0 0
1237 1 154 0 0
1238 0 0 0 0
1239 1 115 0 0
1240 2 244 0 0
1241 1 154 0 0
1242 0 0 0 0
1243 0 0 0 0
1244 0 0 0 0
1245 2 244 0 0
1246 0 0 0 0
1247 2 143 1 91
1248 0 0 0 0
1249 0 0 0 0
1250 1 1397 0 0
1251 3 233 1 129
1252 2 206 1 40
1253 0 0 0 0
1254 0 0 0 0
1255 1 129 0 0
1256 1 129 0 0
1257 1 115 0 0
1258 1 91 0 0
1259 0 0 0 0
1260 3 295 0 0
1261 3 249 0 0
1262 3 219 2 116
1263 21 5346 17 11984
1264 1 175 0 0
1265 0 0 0 0
1266 3 219 0 0
1267 0 0 0 0
1268 1 115 0 0
1269 0 0 0 0
1270 1 226 0 0
1271 0 0 0 0
1272 0 0 0 0
1273 7 675 0 0
1274 3 273 0 0
1275 3 234 0 0
1276 2 143 2 155
1277 2 182 0 0
1278 0 0 0 0
1279 0 0 0 0
1280 0 0 0 0
1281 3 384 0 0
1282 2 269 0 0
1283 0 0 0 0
1284 0 0 0 0
1285 2 143 1 91
1286 3 1540 2 143
1287 0 0 0 0
1288 1 129 0 0
1289 3 297 2 155
1290 1 40 1 91
1291 1 154 1 64
1292 0 0 0 0
1293 0 0 0 0
1294 0 0 0 0
1295 0 0 0 0
1296 0 0 0 0
1297 1 129 0 0
1298 0 0 0 0
1299 0 0 0 0
1300 0 0 0 0
1301 0 0 0 0
1302 0 0 0 0
1303 0 0 0 0
1304 0 0 0 0
1305 3 297 1 91
1306 0 0 0 0
1307 0 0 0 0
1308 0 0 0 0
1309 0 0 0 0
1310 0 0 0 0
1311 0 0 0 0
1312 0 0 0 0
1313 0 0 0 0
1314 0 0 0 0
1315 0 0 0 0
1316 0 0 0 0
1317 0 0 0 0
1318 0 0 0 0
1319 0 0 0 0
1320 0 0 0 0
1321 0 0 0 0
1322 1 98 0 0
1323 0 0 0 0
1324 0 0 0 0
1325 0 0 0 0
1326 5 369 0 0
1327 1 115 0 0
1328 1 115 0 0
1329 0 0 0 0
1330 3 233 0 0
1331 1 115 0 0
1332 2 167 2 116
1333 0 0 0 0
1334 1 175 0 0
1335 0 0 0 0
1336 0 0 0 0
1337 0 0 0 0
1338 0 0 0 0
1339 0 0 0 0
1340 0 0 0 0
1341 0 0 0 0
1342 0 0 0 0
1343 0 0 0 0
1344 6 584 0 0
1345 2 182 0 0
1346 2 182 0 0
1347 0 0 0 0
1348 4 286 3 246
1349 0 0 0 0
1350 1 52 1 91
1351 0 0 0 0
1352 1 175 0 0
1353 0 0 0 0
1354 0 0 0 0
1355 0 0 0 0
1356 0 0 0 0
1357 0 0 0 0
1358 4 271 0 0
1359 1 115 0 0
1360 1 115 0 0
1361 0 0 0 0
1362 2 269 0 0
1363 0 0 0 0
1364 0 0 0 0
1365 0 0 0 0
1366 0 0 0 0
1367 1 115 1 64
1368 1 52 1 52
1369 0 0 0 0
1370 0 0 0 0
1371 0 0 0 0
1372 0 0 0 0
1373 0 0 0 0
1374 0 0 0 0
1375 0 0 0 0
1376 0 0 0 0
1377 0 0 0 0
1378 0 0 0 0
1379 0 0 0 0
1380 0 0 0 0
1381 0 0 0 0
1382 0 0 0 0
1383 0 0 0 0
1384 0 0 0 0
1385 0 0 0 0
1386 0 0 0 0
1387 1 175 0 0
1388 0 0 0 0
1389 0 0 0 0
1390 0 0 0 0
1391 1 226 0 0
1392 0 0 0 0
1393 0 0 0 0
1394 0 0 0 0
1395 0 0 0 0
1396 21 1654 16 2249
1397 25 2648 19 1975
1398 0 0 0 0
1399 2 155 4 277
1400 2 621 0 0
1401 21 3326 14 4307
1402 17 1130 15 2405
1403 0 0 0 0
1404 4 208 4 208
1405 0 0 0 0
1406 0 0 0 0
1407 0 0 0 0
1408 0 0 0 0
1409 0 0 0 0
1410 0 0 0 0
1411 0 0 0 0
1412 0 0 0 0
1413 0 0 0 0
1414 0 0 0 0
1415 0 0 0 0
1416 0 0 0 0
1417 0 0 0 0
1418 0 0 0 0
1419 0 0 0 0
1420 0 0 0 0
1421 0 0 0 0
1422 0 0 0 0
1423 0 0 0 0
1424 0 0 0 0
1425 0 0 0 0
1426 1 84 0 0
